38.3268
33.2509
29.8036
27.282
24.8377
23.2381
21.4422
20.3222
19.3091
18.2654
17.1742
16.4531
15.2407
14.2536
13.7736
13.2575
13.0594
12.8493
12.5841
12.3448
12.0685
11.9707
11.9162
11.8889
11.8813
11.8762
11.876
11.8757
11.8238
11.5022
11.1396
10.9392
10.8351
10.561
10.2619
10.0724
9.97979
9.67571
9.22804
9.1726
9.1484
9.13143
9.12333
9.11208
9.01307
8.77516
8.59855
8.5475
8.53837
8.53688
8.53688
8.53688
8.53688
8.53663
8.50669
8.29623
8.00436
7.98347
7.95917
7.30601
6.93509
6.83148
6.83055
6.82126
6.80519
6.80519
6.80519
6.80519
6.80519
6.80519
6.80519
6.80519
6.80519
6.80519
6.80519
6.80519
6.80519
6.80453
6.6903
6.4733
6.40606
6.25258
6.2403
6.2403
6.2403
6.2403
6.2403
6.2403
6.2403
6.2403
6.2403
6.2403
6.2403
6.2403
6.2403
6.2403
6.2403
6.2403
6.2403
6.2403
6.2403
6.2403
6.2403
6.2403
6.2403
6.2403
6.2403
6.2403
6.2403
6.2403
6.2403
6.2403
6.2403
6.2403
6.2403
6.2403
6.2403
6.2403
6.2403
6.2403
6.2403
6.2403
6.2403
6.2403
6.2403
6.2403
6.2403
6.2403
6.2403
6.2403
6.2403
6.2403
6.2403
6.2403
6.2403
6.2403
6.2403
6.2403
6.2403
6.2403
6.2403
6.2403
6.2403
6.2403
6.2403
6.2403
6.2403
6.2403
6.2403
6.2403
6.2403
6.2403
6.2403
6.2403
6.2403
6.2403
6.2403
6.2403
6.2403
6.2403
6.2403
6.2403
6.2403
6.2403
6.2403
6.2403
6.2403
6.2403
6.2403
6.2403
6.2403
6.2403
6.2403
6.2403
6.2403
6.2403
6.2403
6.2403
6.2403
6.2403
6.2403
6.2403
6.2403
6.2403
6.2403
6.2403
6.2403
6.2403
6.2403
6.2403
6.2403
6.2403
6.2403
6.2403
6.2403
6.2403
6.2403
6.2403
6.2403
6.2403
6.2403
6.2403
