31.0266
28.3335
26.3815
23.8888
22.8348
20.4548
19.7468
18.7767
16.9084
16.7802
16.1926
14.3229
14.1937
13.3028
13.1888
12.8766
12.8232
12.4915
12.2011
11.9539
11.9292
11.8974
11.88
11.876
11.876
11.876
11.876
11.7537
11.2553
11.0023
10.8623
10.566
10.3244
10.1546
10.0146
9.94097
9.44977
9.18135
9.16039
9.13166
9.13129
9.11302
9.11248
8.86553
8.63382
8.55907
8.53954
8.53688
8.53688
8.53688
8.53688
8.53688
8.53688
8.47442
8.04887
7.98351
7.98351
7.97756
7.00916
6.8322
6.8306
6.8306
6.80519
6.80519
6.80519
6.80519
6.80519
6.80519
6.80519
6.80519
6.80519
6.80519
6.80519
6.80519
6.80519
6.80519
6.80519
6.47364
6.47364
6.30539
6.2403
6.2403
6.2403
6.2403
6.2403
6.2403
6.2403
6.2403
6.2403
6.2403
6.2403
6.2403
6.2403
6.2403
6.2403
6.2403
6.2403
6.2403
6.2403
6.2403
6.2403
6.2403
6.2403
6.2403
6.2403
6.2403
6.2403
6.2403
6.2403
6.2403
6.2403
6.2403
6.2403
6.2403
6.2403
6.2403
6.2403
6.2403
6.2403
6.2403
6.2403
6.2403
6.2403
6.2403
6.2403
6.2403
6.2403
6.2403
6.2403
6.2403
6.2403
6.2403
6.2403
6.2403
6.2403
6.2403
6.2403
6.2403
6.2403
6.2403
6.2403
6.2403
6.2403
6.2403
6.2403
6.2403
6.2403
6.2403
6.2403
6.2403
6.2403
6.2403
6.2403
6.2403
6.2403
6.2403
6.2403
6.2403
6.2403
6.2403
6.2403
6.2403
6.2403
6.2403
6.2403
6.2403
6.2403
6.2403
6.2403
6.2403
6.2403
6.2403
6.2403
6.2403
6.2403
6.2403
6.2403
6.2403
6.2403
6.2403
6.2403
6.2403
6.2403
6.2403
6.2403
6.2403
6.2403
6.2403
6.2403
6.2403
6.2403
6.2403
6.2403
6.2403
6.2403
6.2403
6.2403
6.2403
6.2403
6.2403
6.2403
6.2403
