 -2.97 	0 	0
 -2.91 	0 	0
 -2.85 	0 	0
 -2.79 	0 	0
 -2.73 	0 	0
 -2.67 	0 	0
 -2.61 	0.000111111 	0.000110926
 -2.55 	5.55556e-05 	5.54629e-05
 -2.49 	0.000222222 	0.000175213
 -2.43 	0.000166667 	9.57427e-05
 -2.37 	0.000944444 	0.000333503
 -2.31 	0.00216667 	0.000647717
 -2.25 	0.00155556 	0.000398247
 -2.19 	0.00333333 	0.000680414
 -2.13 	0.00477778 	0.000866643
 -2.07 	0.00727778 	0.00111913
 -2.01 	0.0102778 	0.0013087
 -1.95 	0.0145 	0.00146979
 -1.89 	0.0223889 	0.00186226
 -1.83 	0.0278333 	0.00211281
 -1.77 	0.0353889 	0.00202487
 -1.71 	0.0537778 	0.00300236
 -1.65 	0.0651111 	0.0033349
 -1.59 	0.0765556 	0.00332795
 -1.53 	0.111222 	0.00415145
 -1.47 	0.123889 	0.00424616
 -1.41 	0.150722 	0.0049117
 -1.35 	0.184667 	0.00463684
 -1.29 	0.214722 	0.0053751
 -1.23 	0.254833 	0.0061161
 -1.17 	0.283333 	0.00613832
 -1.11 	0.317444 	0.00626457
 -1.05 	0.349444 	0.00667214
 -0.99 	0.367611 	0.00743699
 -0.93 	0.380389 	0.00753544
 -0.87 	0.394667 	0.00730493
 -0.81 	0.405833 	0.007682
 -0.75 	0.4055 	0.00747637
 -0.69 	0.416222 	0.0078512
 -0.63 	0.403333 	0.00758084
 -0.57 	0.390667 	0.00680321
 -0.51 	0.367944 	0.00663214
 -0.45 	0.365778 	0.00606832
 -0.39 	0.348333 	0.0060208
 -0.33 	0.320056 	0.0054819
 -0.27 	0.318444 	0.00551669
 -0.21 	0.302944 	0.00504046
 -0.15 	0.292 	0.00514748
 -0.09 	0.288 	0.00531376
 -0.03 	0.279167 	0.00482095
 0.03 	0.288444 	0.00539655
 0.09 	0.282556 	0.00490696
 0.15 	0.289667 	0.00517731
 0.21 	0.294111 	0.00565919
 0.27 	0.307889 	0.00536069
 0.33 	0.323167 	0.00574601
 0.39 	0.348667 	0.00587106
 0.45 	0.3545 	0.00615167
 0.51 	0.371778 	0.00634059
 0.57 	0.390389 	0.00691376
 0.63 	0.399611 	0.0071295
 0.69 	0.396667 	0.00772402
 0.75 	0.407389 	0.0074374
 0.81 	0.407 	0.00764713
 0.87 	0.383833 	0.00719026
 0.93 	0.380889 	0.0077379
 0.99 	0.3605 	0.00768555
 1.05 	0.340222 	0.00694705
 1.11 	0.313556 	0.00713095
 1.17 	0.285889 	0.00626595
 1.23 	0.244 	0.00586818
 1.29 	0.218167 	0.00551669
 1.35 	0.1965 	0.00554715
 1.41 	0.150611 	0.00446682
 1.47 	0.129667 	0.00487102
 1.53 	0.113889 	0.00376864
 1.59 	0.0758889 	0.0031789
 1.65 	0.066 	0.00294157
 1.71 	0.0471111 	0.00263464
 1.77 	0.0399444 	0.00248564
 1.83 	0.0265 	0.00217773
 1.89 	0.02 	0.00158309
 1.95 	0.0138889 	0.00156512
 2.01 	0.0117222 	0.00148718
 2.07 	0.00872222 	0.00113425
 2.13 	0.00472222 	0.000709105
 2.19 	0.00338889 	0.000712751
 2.25 	0.002 	0.000702025
 2.31 	0.00155556 	0.000449233
 2.37 	0.000777778 	0.000330295
 2.43 	0.000388889 	0.000182884
 2.49 	0.000388889 	0.000199046
 2.55 	0.000166667 	0.000166389
 2.61 	0.000277778 	0.000277314
 2.67 	0 	0
 2.73 	0 	0
 2.79 	0 	0
 2.85 	5.55556e-05 	5.54629e-05
 2.91 	0 	0
 2.97 	0 	0
