52.0447
52.397
52.2492
53.3013
53.3013
53.3013
52.5077
52.2869
52.5589
50.9778
50.7804
51.7009
52.729
52.5807
51.7372
51.5308
51.7346
51.3503
50.6678
51.0511
51.0511
51.0511
51.6019
51.7148
51.7726
51.5245
51.748
51.1878
50.6273
50.1088
50.1697
50.1697
49.665
49.0323
49.1132
48.0023
48.0023
46.5952
46.9632
47.4733
47.6566
47.5459
47.0954
47.0154
47.0147
46.3977
45.6753
44.7899
43.7343
44.6287
45.0507
45.0507
44.7064
44.7064
44.3862
44.0969
44.0969
44.0969
43.6572
43.4443
42.7933
42.7599
42.3696
41.117
40.2041
40.0911
39.0778
37.3865
37.3865
38.1113
38.1113
38.2402
38.5103
38.5103
38.1363
38.1556
37.9121
37.6399
37.6557
36.8843
36.2958
35.5905
35.5905
35.6039
35.6039
34.6024
33.124
32.4562
32.8159
33.0123
32.9619
32.3915
32.3915
31.9431
31.8633
31.4205
30.788
30.8967
31.3223
32.0248
32.0248
32.6224
32.4172
34.3038
34.9291
34.2355
34.2355
33.5441
33.5441
33.5441
32.6525
32.3381
31.0869
32.4197
31.8996
31.6081
31.9713
32.3842
32.4697
32.3083
32.3083
31.1622
31.4902
31.6664
31.6664
31.6664
31.6664
32.7561
32.8455
32.8455
32.8455
32.5628
32.6574
32.8672
32.6822
32.1459
32.0308
31.3868
31.3868
31.7989
32.6343
33.1548
32.8303
32.9182
32.4339
32.2153
32.2153
32.3175
31.9435
31.8429
31.919
31.1263
31.3752
31.2835
32.1424
33.1253
33.1253
33.5963
32.889
33.4733
32.9358
32.9992
33.6788
32.3934
32.5664
32.1523
32.097
32.097
31.6096
30.9834
31.7079
31.9049
31.7546
31.6287
32.398
31.8865
31.3324
31.9137
31.2534
31.6461
29.8906
29.6762
29.6762
29.1595
28.7613
28.7613
28.261
28.5385
29.0081
28.8731
28.8731
28.5723
28.3369
26.7437
26.6438
25.2207
25.3066
24.2998
23.8008
24.2703
23.7927
24.5534
24.5534
24.2381
23.9574
25.5447
26.3694
25.8836
24.6784
24.4253
23.3539
23.6979
23.775
23.7642
23.7642
23.7642
24.1873
24.3165
23.8318
23.3395
22.7282
22.7282
22.7282
23.1126
23.1126
23.1126
22.0653
22.2823
23.0433
23.0576
23.0576
22.8565
22.746
22.9644
22.7216
21.2828
21.0451
20.9938
20.8528
21.4666
22.2278
22.2278
21.4808
20.9622
20.9979
20.9281
20.9666
20.9666
20.884
20.1269
20.0577
19.4511
19.4511
19.7423
19.6118
19.708
19.1699
18.4843
18.5556
17.5614
17.5261
17.5261
16.4653
16.2481
15.784
15.2576
15.1217
15.7864
15.7864
17.4535
17.2342
17.2342
17.2342
16.8526
16.8526
15.9337
15.7842
15.7418
15.9504
15.8334
14.8324
15.8615
16.0056
15.0387
14.5003
14.5003
14.5003
14.1033
14.1085
13.4128
13.2144
12.8221
12.5126
12.0729
11.5157
11.2857
12.5558
12.9489
12.3393
11.9149
10.87
11.6858
11.9125
11.1815
10.6842
10.3654
9.16043
9.16043
9.24602
9.02178
9.16024
8.15939
7.05856
7.41227
7.1552
6.74167
6.9771
6.53962
6.53962
6.53962
6.04616
5.46179
5.46179
5.46179
5.46179
4.94497
5.075
4.95472
4.43045
3.59344
3.59344
4.30377
3.74354
2.86088
3.4247
3.16112
3.16112
3.30874
3.28469
1.95742
1.95742
1.95742
2.24597
2.24597
2.81004
2.45267
2.45267
2.88949
3.80406
3.88993
3.77848
3.82871
4.88845
3.6671
3.6671
4.75778
5.76265
5.63612
4.59523
4.54848
4.54848
4.54848
4.54848
4.58558
4.58558
3.73095
3.78849
3.78849
3.98283
3.98283
3.98283
3.50834
4.44251
4.74212
5.07031
6.31768
6.25516
6.25516
5.74827
6.64966
6.63477
5.88521
6.25761
5.36863
3.9777
3.5169
3.40017
2.88082
3.41085
3.41085
4.01393
4.78893
4.1338
4.1338
4.4136
3.48421
3.8945
3.79911
3.07875
3.36091
2.14809
3.2623
3.2623
5.012
5.012
4.25239
5.20888
5.20888
5.11384
4.0941
4.0941
3.78727
3.78727
4.25295
3.44242
2.21162
3.88369
2.4798
2.4798
2.29836
2.29836
2.29836
2.28688
2.28688
2.21267
1.66861
0.971806
0.971806
1.64175
1.64175
1.64175
1.64175
2.73481
1.8641
2.57845
2.99752
2.70752
4.06008
4.6754
4.07363
2.7641
2.17099
2.17099
2.17099
2.17099
2.03432
2.36436
2.34063
2.46259
2.16159
2.96003
2.51635
2.95866
3.10465
3.10465
2.39033
2.33804
2.33804
3.8142
3.56034
3.32976
3.99926
3.87619
4.13478
3.60718
5.11836
4.72948
5.22182
5.65118
4.09333
3.31353
3.08599
3.08599
3.08599
3.48162
4.46784
5.7072
5.16845
6.06507
6.50951
6.60635
5.70216
5.10191
5.2823
5.06337
4.47406
4.34223
4.84493
4.72303
5.2141
4.90576
4.53365
4.22891
4.28417
4.77194
5.29169
6.60296
5.63932
5.63932
5.54984
5.88077
5.88077
6.00946
4.99474
4.99474
4.56788
4.56788
3.9574
4.04735
3.19191
3.31474
3.31474
3.20891
2.798
3.99237
4.16244
4.06269
4.35866
4.82786
3.96879
4.63485
4.63485
4.54922
5.64543
4.96942
4.96942
5.02729
5.62857
5.62857
5.62857
5.62857
5.21378
5.21378
4.80538
3.88594
2.93401
3.67194
2.90221
2.90221
3.75195
3.75195
4.61504
5.16389
5.94421
6.38429
5.06624
4.40013
3.50487
3.41066
3.70713
3.75297
4.29015
4.29015
4.29015
4.29015
3.39007
3.89793
4.67056
5.06451
5.93249
5.72454
5.72454
5.72454
6.15114
6.77408
7.59982
8.62978
8.62978
8.62978
8.36035
8.36035
7.57088
7.57088
7.6849
6.56374
5.25295
5.25295
4.4012
4.24162
4.91245
6.01338
5.63176
6.01411
5.54741
5.23557
5.23557
4.8923
5.71194
5.73615
5.73615
5.09887
5.09887
5.09887
5.09887
5.09887
4.04721
4.51874
4.10853
4.10853
4.10853
4.50402
4.50402
5.75601
5.75601
7.13421
7.5424
7.5424
7.97972
7.97972
7.31761
6.42521
5.76574
4.93025
5.45008
5.45008
4.74723
4.18874
5.26658
4.38895
4.38895
4.37024
5.23237
4.24398
4.37693
3.4126
3.06842
3.71036
2.31505
2.16814
2.16814
2.16814
2.16814
2.06088
2.06088
2.06088
2.85392
3.78368
4.07583
4.51024
3.69947
3.69947
2.98208
2.98208
1.27216
1.27216
1.69073
3.08239
3.08239
3.08239
2.12247
2.18138
3.05654
3.05654
2.6378
2.6378
1.74817
2.06353
2.39375
3.03211
3.03211
4.44047
4.33456
4.05125
4.59368
4.54067
4.52803
4.77327
4.77327
4.1575
3.28374
3.80728
3.96787
3.21022
2.99938
1.89049
1.89049
1.94072
1.85093
1.85093
2.02848
2.85783
2.85783
2.85783
2.85783
2.85783
2.25343
2.98598
2.57979
2.57979
3.04578
1.49049
1.61507
1.85517
2.13622
1.28946
2.06447
1.18593
1.18593
1.18593
1.94603
2.71993
3.71082
2.7634
2.71795
2.01289
2.01289
2.01289
3.6259
3.76461
3.76461
3.51581
3.79566
3.65079
3.51801
2.95256
2.95256
2.95256
2.95256
2.95256
2.70805
2.14261
1.33919
1.75951
1.36735
1.36735
1.2478
1.2478
1.2478
0.733218
1.33331
2.17232
2.17232
3.07005
2.17889
3.3598
3.42798
3.42798
2.84542
2.85445
1.47134
1.34282
2.465
3.16252
3.16252
3.0417
3.0417
3.0417
3.0417
3.0417
4.0844
4.36561
4.36561
4.20744
3.35319
2.32466
1.83098
2.68367
2.68367
3.91099
3.91099
3.91099
3.65121
3.63095
3.13528
3.13528
3.93997
3.15914
3.15914
3.34416
3.9774
4.26404
4.26404
4.26404
4.53333
5.51277
6.37183
5.91443
5.91443
6.1973
6.1973
5.1901
5.71333
5.0789
5.32844
5.90983
6.87102
5.85431
7.07849
6.76483
6.83043
6.99482
6.99482
6.30915
6.30915
5.46118
5.34102
4.17368
4.17368
4.53617
4.17732
3.16383
3.16383
3.16383
3.66791
2.46033
3.10511
2.43216
2.53425
3.31049
3.8159
3.42815
2.46406
2.98264
2.27369
2.5471
3.17482
4.05804
4.05804
4.78504
4.29539
4.34883
4.52381
4.52381
4.52381
4.52381
4.08939
5.06868
4.95784
5.81064
5.0352
5.23041
5.06776
4.78363
5.54697
5.20991
4.76047
4.76047
5.40164
5.27959
6.35559
6.74938
6.57277
6.94813
6.9574
6.34087
5.7863
5.7863
5.31001
4.07899
3.51006
3.98159
3.82481
4.03524
2.61545
3.42098
3.42098
3.42098
2.0418
2.0418
3.43685
3.87639
3.87639
3.90016
3.90016
3.90016
3.97871
3.97871
4.05198
4.58429
4.51522
5.0095
5.0095
4.71268
5.70818
4.6407
4.24945
3.38453
3.95512
4.16654
4.16654
4.26199
3.25863
2.1891
3.59208
3.59208
4.50851
3.9771
3.92074
3.92074
3.31504
3.26182
2.95877
2.48882
2.48882
1.06755
1.84979
1.84979
1.84979
2.05926
2.05926
3.1352
3.28509
3.28509
3.99994
3.99994
3.63826
4.4361
3.10523
3.10523
3.10523
3.64833
3.34144
3.34144
3.5982
4.2332
4.39932
4.74865
4.74865
4.74865
5.15495
4.15859
2.80008
3.38716
2.47147
3.25171
3.25171
3.80426
3.57419
4.5898
4.80731
4.90464
5.01851
4.77205
3.69137
2.65398
2.35143
1.62695
1.62695
1.62695
2.41508
3.84264
2.98988
3.55122
3.8432
3.06885
3.31713
3.63964
4.08367
4.50824
4.10402
4.22911
4.0601
4.19203
3.25034
3.51194
3.56393
4.18808
4.18808
4.01229
4.72446
4.72446
4.37435
5.28059
5.64271
4.36852
3.98892
4.2514
4.17518
4.17518
4.85393
4.345
4.27594
4.0285
3.87429
2.91555
3.0599
3.65744
3.04221
3.04221
3.04221
4.03121
4.03121
4.93461
5.20265
5.34193
5.71423
6.51082
7.19908
7.61338
7.8849
8.36593
8.16374
9.20691
9.20691
9.1544
8.80755
9.82027
9.79015
9.79015
10.6731
10.4007
8.98703
9.66079
9.66079
9.66079
9.4727
9.36042
8.34746
7.19809
7.78322
9.0775
9.0775
9.0775
9.0775
8.37471
8.37471
8.59179
8.59179
8.37292
7.83438
7.32547
6.86554
6.47408
5.858
6.17077
6.90598
7.03767
6.48112
7.27946
7.17802
7.29593
6.21074
5.29717
4.94593
5.26084
5.26147
6.24089
6.66832
5.95014
5.77709
6.45037
5.27169
4.11002
4.26597
4.26597
5.62983
6.50528
5.79595
5.79595
5.19476
5.19476
5.8423
5.8423
6.77783
7.08214
7.22232
6.26366
5.65848
4.85303
4.58669
3.97203
5.28499
4.62434
5.11239
5.11239
5.63644
5.66484
4.55301
5.20696
4.25814
5.1632
5.28509
6.04435
6.40239
5.20149
4.68613
4.68613
4.22503
4.22503
4.8485
4.94026
4.96395
4.69906
4.01674
4.26133
4.5933
5.42216
5.54866
5.54866
6.16572
6.16572
6.16572
7.27986
6.49398
6.49787
6.30472
5.30772
5.18247
4.28105
4.15195
4.21383
3.56604
4.21989
4.21989
4.45408
3.27183
2.15573
1.6356
2.25388
2.95872
3.61907
3.97909
3.43955
3.16522
4.40088
3.13358
3.13358
3.13358
3.72165
2.68413
2.4252
2.88337
1.70715
1.70715
2.69407
3.10607
2.12025
2.12025
1.45546
1.45546
1.90671
2.33266
3.17801
3.29294
3.39672
3.28423
3.33229
2.60661
2.68546
2.68546
2.68546
3.28534
3.52039
3.52039
3.98884
3.95047
4.16931
4.16931
4.91097
4.91097
4.91097
5.802
5.802
5.00908
5.73402
5.16637
5.16637
4.98723
5.16139
4.78089
5.23598
6.04355
5.55723
4.12739
4.12739
4.12739
4.89519
3.61437
3.71742
3.69949
2.80088
2.99718
2.767
2.53479
2.91901
2.91901
3.83706
2.65106
2.23588
2.23588
2.96854
2.96854
2.96854
2.96854
3.26956
3.26956
3.05909
3.00505
2.68243
2.83753
3.07301
2.40891
2.40891
2.40891
2.40891
2.40891
2.40891
3.20765
2.33884
2.48185
2.7949
2.99358
2.99358
2.99358
2.87932
2.87932
1.59068
1.59068
1.59068
1.59068
1.59068
1.59068
1.59068
1.52742
2.76774
2.98499
3.60818
4.18797
4.08549
3.15706
3.841
3.23322
3.65627
3.47311
3.24923
3.51376
5.21148
5.16046
5.07692
5.07692
5.11731
5.11731
5.01893
5.01893
5.00147
5.43127
5.20282
4.41673
4.41673
4.08815
4.16243
5.3338
4.10812
3.57284
3.57284
3.94316
4.07448
4.07448
3.78752
3.30315
3.30315
1.85234
2.94376
2.1774
3.27232
3.27232
3.1071
3.1071
2.8693
2.04692
2.04692
1.70338
1.52547
1.52547
1.83472
2.34075
2.34075
2.69154
1.66999
2.8867
2.8867
3.63255
4.36742
3.05024
3.05024
3.05024
3.08539
3.08539
4.20802
5.38903
3.88832
4.24558
3.81807
3.81807
4.07484
3.20879
3.20879
2.62953
2.62953
2.79174
2.9378
2.9378
2.66926
2.66926
2.66244
3.28564
3.28564
3.54462
2.66727
3.51592
2.58933
2.70795
2.80991
2.80991
3.85044
3.18727
3.25272
4.14104
4.49886
4.53126
5.59791
5.81153
5.81153
5.02865
4.57493
4.47597
4.51683
4.48428
3.49347
3.41451
3.56781
3.56781
4.53668
5.17431
5.17431
4.76767
4.43154
4.44431
4.27226
4.0665
4.55616
5.13635
5.13635
5.6749
5.78447
5.852
5.852
6.66119
6.66119
6.59219
5.83798
4.62397
5.00745
3.65437
3.65437
3.65437
3.56959
3.68612
2.94326
2.90082
3.59385
3.59385
3.96672
4.34241
4.34241
3.878
3.878
4.18059
3.65292
3.43087
3.43087
3.43087
4.09384
5.24627
4.72767
4.87248
6.00074
6.8501
6.31222
6.81256
7.12624
7.11126
6.67379
6.67379
4.99298
4.60637
4.60637
4.60637
3.88134
4.11491
4.11491
4.0881
4.69685
4.69685
4.18228
5.31848
5.31848
4.42268
3.88894
5.21424
6.35746
6.35746
5.03136
3.69465
4.61659
4.61659
5.82737
5.55575
5.51042
4.57265
5.3047
4.74088
5.64882
6.56582
6.56582
6.32408
6.32408
6.83084
7.6142
7.59866
7.71295
7.283
6.7175
5.43993
5.69645
4.62744
5.77065
5.07676
5.99703
7.48242
6.52813
6.85404
5.47379
5.06912
6.17857
6.44394
6.75931
6.75931
6.6534
6.23656
6.73112
6.99896
6.47621
5.68449
5.68449
6.41678
5.99095
5.99095
6.6238
6.34843
5.27364
5.60241
6.27573
6.30711
7.07144
6.29091
6.93331
7.04557
6.83806
6.83806
6.83806
6.86809
7.17039
7.23026
6.3239
7.85132
8.49984
8.56709
8.72889
9.40108
9.59711
9.14412
8.10685
6.85864
6.85864
7.67628
7.93823
7.93823
8.76666
9.68436
10.1807
10.1807
10.1807
11.2127
11.2127
12.1686
11.1017
12.0617
12.492
12.492
12.0776
13.07
13.9464
12.6932
12.4787
12.6858
12.946
12.946
12.6672
11.8606
11.506
12.4308
12.4308
12.4308
12.4308
12.8804
13.7438
12.7887
12.7781
12.6413
12.5172
12.0083
12.0083
11.2656
11.003
11.0796
11.0796
10.4516
10.016
9.61662
10.2133
10.2835
9.72573
9.72573
11.0963
10.3199
9.65795
9.7737
11.0932
11.0932
10.6606
10.3992
10.3992
10.3452
9.52976
10.5793
10.4395
9.89535
10.3618
10.1011
10.2695
10.4562
10.9226
10.9226
11.2314
11.2653
10.8525
10.8525
10.8525
11.3883
11.8182
11.7824
12.0711
12.0711
12.0711
12.0711
12.1401
12.2749
12.0825
11.7325
11.7325
11.5513
11.5513
10.5671
10.5635
9.73505
11.6279
11.6279
11.6279
11.0319
10.4571
11.0231
11.0808
10.6969
10.4803
10.6085
10.7303
10.7303
10.1238
9.58446
9.25358
9.33102
8.6189
8.8025
9.5625
8.62526
9.15958
9.15958
8.32798
8.46699
8.46699
8.93013
8.2182
8.24043
8.8288
7.3685
7.3685
7.38112
6.30037
5.30026
5.30026
5.40364
6.95704
5.99855
5.30968
5.74608
5.80195
4.62615
3.90854
3.74181
4.55675
4.55675
4.82652
3.48546
4.44142
4.44142
5.89138
6.52919
5.79868
5.55157
5.55157
4.86229
4.86229
5.25871
5.82186
5.55044
6.52772
6.90898
6.90898
5.55327
5.57117
6.44846
5.6467
5.6467
5.6467
4.71621
4.71621
5.61399
5.59546
4.97778
4.97778
4.59896
4.59896
5.2833
4.45326
4.24739
3.81855
4.94248
5.18231
5.02858
4.76536
5.59314
4.8634
5.0387
5.0387
5.76093
6.43858
5.55743
4.91251
4.53147
3.30954
3.03198
4.02848
3.81184
3.54362
3.54362
4.2939
4.54011
4.54011
4.03517
3.31424
3.42904
4.50949
5.47003
4.49685
4.49685
4.20146
3.53171
3.79187
3.79187
4.67328
5.91338
6.09306
6.09306
6.05891
5.32906
5.95665
6.02945
5.54398
4.78374
4.56758
4.88051
5.45276
6.28036
6.44165
6.29946
6.29946
5.07684
5.49213
5.95458
4.4613
4.45616
4.45616
4.75029
5.31
4.31313
3.973
3.58189
4.66014
4.66014
4.47975
5.44322
5.27165
5.27165
5.27165
5.27165
5.27165
5.27165
5.07286
5.88885
5.5971
5.5971
5.58361
5.43367
5.59361
5.30102
5.30102
5.94636
5.94636
5.29884
4.63887
4.52221
4.47685
5.72786
4.65818
4.65818
5.2082
5.77267
5.77267
6.42488
6.49717
6.38492
5.18947
5.5566
5.5566
5.10294
5.24575
4.11938
4.11938
3.71484
4.415
4.415
3.36131
3.36131
4.56106
4.56106
4.83718
4.73398
4.73398
4.73398
5.59357
5.59357
5.59357
5.03926
4.3985
4.3985
4.61466
4.61466
4.80506
5.31538
5.21889
5.27156
5.27156
5.14582
5.29615
6.23786
7.18688
7.08173
7.48177
7.61227
6.52097
6.02293
5.69637
6.93313
7.3482
5.7227
5.96928
5.96928
5.96928
5.96928
6.34609
6.34609
5.90275
5.90275
6.8314
6.56278
5.9648
5.60342
5.60342
6.89767
5.82798
6.13807
6.53302
6.74248
6.51867
7.0268
6.64721
6.64721
6.64721
6.52242
6.22851
6.22851
6.22851
5.67697
5.67697
6.70658
7.6346
7.41156
7.42019
7.18758
7.18758
6.87351
6.87351
7.01653
7.36938
7.36938
7.17267
7.17267
6.93103
6.93103
7.43248
7.43248
6.64846
6.86147
7.17331
8.50973
7.74247
7.74247
7.57339
6.86001
6.60898
6.69937
6.69937
6.69937
6.26052
6.54315
5.62169
5.62169
5.02674
4.75335
4.75335
6.55005
6.55005
6.75001
6.59337
7.39593
7.1694
7.28573
7.14837
5.73127
5.54836
5.65082
5.65082
5.65082
6.40238
6.40238
6.47169
7.3288
7.06902
6.66299
6.63673
6.92899
6.53859
7.662
7.6339
7.99364
8.21948
8.21948
8.35524
8.35524
7.61675
8.12503
8.40568
7.16161
8.11785
8.28972
8.15421
8.0352
9.01642
8.89707
7.88632
7.35683
7.35683
7.35683
7.35683
6.93952
6.93952
6.77216
6.37765
7.35157
7.06669
6.5396
6.5396
7.33762
7.09221
7.44286
7.99009
7.99009
7.1397
7.59994
7.59994
7.98975
7.98975
9.20549
8.86646
8.86646
8.50149
8.91801
9.94806
10.3683
10.6754
10.0034
8.2013
8.50641
8.50641
8.11891
7.58335
7.52997
7.14627
6.90516
7.40549
6.48928
5.44977
5.76734
5.76237
5.78911
5.86659
5.20282
5.20282
6.83153
7.48473
8.19862
8.19862
6.93465
6.93465
6.93465
6.93465
7.83276
8.16806
8.16806
8.45785
8.45785
9.42187
9.99244
10.3143
10.1091
10.0966
10.6757
11.3169
11.1656
11.4725
11.4725
10.7036
10.5914
10.1557
9.80931
9.80931
9.31973
9.31973
8.39501
8.30047
7.67959
7.67959
7.73204
7.73204
8.66698
8.56218
8.67346
8.31948
9.24867
9.24867
9.13729
9.96269
11.2305
12.7864
12.0638
12.9679
12.9128
12.2459
12.7785
11.5469
11.5049
11.5049
10.7084
10.3518
9.42522
10.9225
10.8341
10.8341
11.3164
12.4796
12.1638
12.2797
11.2878
11.2878
11.3589
10.5968
10.0541
9.14663
9.08274
8.91355
8.81016
8.84666
8.15077
8.43924
8.43282
8.43282
8.41485
7.92444
7.92444
9.42677
9.01028
9.01028
9.01028
8.19001
8.19001
8.19001
7.21937
6.24618
6.24618
5.48705
4.88428
4.56647
5.78846
6.18322
6.18322
7.09013
7.53022
7.88973
8.12733
7.21783
8.03338
7.36124
6.9437
6.41018
7.30532
5.8215
6.39039
6.31975
6.31975
6.31975
6.83196
5.87035
5.28611
6.11299
6.11299
6.9458
6.9458
5.95232
6.07379
5.85378
5.85378
5.85378
5.83973
5.83973
5.83973
5.7918
5.45068
5.45068
5.45068
5.45068
5.45068
6.52012
6.71391
5.95714
6.30745
7.11982
7.11982
6.2226
5.67741
6.67342
6.71706
5.95854
5.49704
4.54424
4.87495
4.76869
5.26025
5.44322
5.44322
4.66927
3.69674
3.69674
3.69674
3.31682
3.31682
3.3912
3.3912
2.48192
2.48192
3.08744
2.76971
2.76971
2.76971
2.76971
2.76971
3.06535
3.06535
3.03174
3.03174
3.03174
3.09764
3.46271
2.32562
1.59421
2.53877
1.6231
2.11899
2.54758
2.54758
2.59649
2.32627
2.32627
2.32627
2.32627
3.4132
3.33904
3.18324
3.51895
2.94934
2.92697
2.08255
2.52776
2.13338
2.13338
3.42311
3.42311
3.42311
4.60442
3.64376
3.64376
4.65217
4.65217
3.73047
3.73047
3.9573
2.63522
2.63522
3.0551
2.35718
2.3513
2.55034
2.42839
2.83249
4.19422
3.57421
3.74007
3.26849
3.34778
3.34778
3.34778
2.28802
2.40785
3.46478
3.46478
2.35864
2.52917
2.74605
2.74605
2.77636
2.77636
3.27558
3.17931
3.08523
2.26739
1.29469
1.25602
1.04503
1.14257
1.88167
1.5217
2.05441
2.80153
2.13624
1.58157
2.33538
2.17347
1.81177
1.81177
2.5819
2.5819
2.5819
3.74504
3.65075
3.2029
3.00747
3.00747
2.32592
1.89611
1.89611
1.89611
0.745716
1.50717
1.50717
1.67763
1.67763
1.67763
2.49531
2.23929
3.04824
1.83163
2.37457
3.56113
4.36411
3.83234
4.0989
4.0989
3.03454
3.05795
3.60557
3.60557
3.60557
3.60557
3.60557
4.35112
4.35112
4.28778
4.51193
4.51193
4.8007
4.8007
4.8007
5.37718
5.8174
6.28889
6.37452
6.20666
6.20666
6.12631
6.16061
5.02071
6.00406
4.63444
5.11767
6.03005
6.59431
6.37667
6.65474
5.62221
5.62221
6.50423
5.69351
6.59661
5.49541
5.4755
5.4755
4.36115
4.22126
5.22901
5.67629
6.15784
6.64955
6.33193
5.91999
5.32554
4.504
4.504
4.02164
4.26725
3.63943
3.99822
3.04833
1.57424
3.02424
1.67256
2.7369
2.52283
2.04309
2.87957
1.92864
1.78346
1.78346
2.79556
3.08372
3.08372
3.59783
3.59783
4.40844
3.66168
4.06041
4.608
4.85385
4.77344
5.01185
5.01185
5.01185
5.81027
5.81027
6.62721
5.82978
5.31614
6.12898
6.18456
6.18456
7.507
7.09393
7.18426
6.24751
5.60427
5.30483
5.30483
5.48831
6.72282
6.72282
6.56186
5.87585
6.80779
8.01589
8.47441
7.92802
7.35959
6.49999
6.43373
7.61288
6.54867
5.66406
5.68693
5.36215
5.96803
5.89404
5.17057
4.05346
4.05346
3.86879
3.86879
3.25136
3.25136
3.25136
3.25136
3.14073
2.97029
3.3033
2.47761
2.47761
2.84428
2.5579
2.18348
0.886222
1.6217
2.35659
2.35659
2.58859
3.14678
3.14678
3.14678
1.80534
1.45001
1.65736
1.43992
1.20955
1.20955
1.20955
0.735034
2.34772
2.34772
2.73759
2.73759
2.50459
3.65181
2.96707
3.76663
3.76663
4.16641
3.87066
3.54318
3.33594
2.74045
2.74045
2.80044
3.71147
3.71147
2.56877
2.59023
2.59023
3.50182
3.18532
4.168
3.89904
3.89904
3.89904
3.51308
3.92621
3.46728
4.05266
4.05266
4.05266
4.43276
4.43276
4.43276
4.89657
3.9847
3.5572
3.47522
4.10405
4.26386
3.53056
4.10527
5.03142
4.79808
5.27691
5.83504
6.19483
6.84429
6.78516
7.05623
8.25923
8.04748
8.19574
8.88249
9.29145
9.29145
8.17888
8.30901
9.38731
8.67486
7.4656
7.4656
7.47407
7.57934
7.57934
7.53392
7.53392
7.4214
7.08627
7.08627
5.60615
6.37925
6.01531
5.64196
4.78555
4.62098
5.02002
5.18458
5.86907
5.86907
5.11888
5.9068
5.23816
5.49119
5.49119
5.49119
4.31128
4.47364
4.52264
3.48786
4.74292
3.8917
3.69253
3.69253
4.83404
4.71104
4.56213
4.65816
4.01862
3.68926
3.31013
3.59879
3.69192
3.70587
3.16595
2.11755
3.37323
3.87978
3.60925
3.60925
3.15739
4.69043
4.50985
3.66583
3.51529
3.51529
3.44984
2.85176
3.16486
3.75281
3.86715
2.96982
2.92793
3.0745
3.0745
3.0745
3.0745
3.0745
2.795
2.79057
3.07434
3.07434
3.07434
3.07434
3.01324
2.07646
2.07646
2.77068
2.32919
3.32719
3.32719
3.32719
4.37371
4.37371
4.25378
3.74565
3.74565
4.69625
5.15064
5.27918
5.27918
4.71142
4.71142
4.64288
3.56639
3.56639
3.56639
4.44539
4.44539
4.44539
4.70015
4.70015
3.90107
3.90107
3.30883
2.30811
3.60976
3.2883
3.2883
2.56153
3.65526
3.72394
3.72394
3.60421
3.64347
4.60175
4.34578
4.5886
4.29407
4.29407
3.28948
3.28948
3.38771
2.41116
2.41116
2.41116
2.38554
3.30551
3.35221
2.94512
2.94512
2.09617
2.09617
2.09617
2.6757
3.6121
2.5799
1.91788
1.15242
1.65718
1.30268
1.30268
1.30268
1.96719
1.15829
1.15829
1.15829
1.5262
2.41285
2.41285
3.35282
3.58977
3.83222
3.10687
3.38996
3.00441
3.00441
3.00441
3.35034
3.13417
3.87231
4.2139
4.2139
4.31983
4.34513
4.19041
5.2222
5.60926
4.85675
4.51185
6.00106
5.34768
5.14155
5.21518
3.60165
3.60165
3.17904
2.97785
2.32509
2.459
3.08233
2.8238
2.40049
3.24814
3.95864
4.6031
3.57806
3.90048
3.50916
3.05192
3.05192
4.02462
3.8059
4.17789
4.01635
4.26755
2.85567
1.8937
1.57207
2.58892
2.49859
2.49859
2.49859
2.61979
2.76167
2.85724
2.85724
3.05132
2.21832
2.01492
2.01492
2.34266
2.54481
3.25268
1.94528
3.47848
2.94223
3.28476
3.01327
3.01327
3.3364
3.525
2.81548
3.35957
3.35957
2.90402
3.69968
2.82284
2.28267
2.79834
3.89633
3.49797
3.68762
4.31164
4.31164
3.46465
2.6212
2.05642
2.05642
2.26673
3.12513
2.93105
2.93105
2.70709
1.82986
1.82986
2.01627
2.41655
2.88279
3.52801
4.48384
4.61033
4.98093
5.40377
5.87504
5.59995
5.91194
6.8955
6.81821
7.31093
6.26717
5.92661
5.11676
4.71165
4.71165
5.20983
5.41793
5.41793
6.0653
6.0653
4.88634
4.81445
5.12569
5.50624
4.64801
3.95355
3.95355
3.95355
3.1628
3.83731
3.56475
3.34183
3.34183
4.08829
3.19837
2.94557
3.52376
3.52376
4.87441
5.60947
5.90196
5.95507
5.10824
3.86424
3.65531
3.2174
3.2174
3.2174
3.51564
3.51564
3.51564
3.51564
2.79706
2.17231
2.36143
2.36143
3.7597
2.36157
2.36157
2.82806
3.92335
3.31498
2.40445
2.91193
2.91193
2.0665
2.14423
2.14423
3.00694
3.00694
4.05096
4.05096
4.05096
3.25413
3.09118
3.13449
3.13449
3.63057
2.63067
2.63067
3.28973
3.60061
3.66325
2.95035
4.05456
4.42181
4.93536
4.93536
5.21112
5.68079
5.34648
4.57867
4.30957
5.51344
5.27345
5.28067
5.58071
6.5849
6.3731
6.3731
5.42736
5.61289
5.13764
5.09701
4.91022
5.00148
4.66899
4.55564
5.26095
4.93503
4.93503
5.41004
4.70643
5.56707
5.83091
6.66769
5.77488
6.73172
6.5211
6.74253
6.74253
7.06665
7.06665
6.89386
6.87302
6.15313
6.53953
7.31564
8.33325
7.53676
6.82094
5.90509
6.63924
6.65745
6.78288
6.75138
6.65408
6.27882
6.27882
6.08797
6.08797
5.54794
5.91199
5.91199
5.37457
4.47254
4.53224
4.53224
4.73424
5.21225
5.5207
6.36869
7.011
8.34563
8.34563
8.78046
8.78046
9.03146
8.75151
8.75151
9.0739
9.88923
9.3623
9.57533
9.16149
8.30741
8.10769
7.42134
7.14693
7.605
8.55002
7.39841
6.00693
5.32531
5.23711
4.14758
4.14758
5.26354
5.26354
5.26354
5.26354
4.92001
4.98413
4.98413
4.98413
5.78871
4.91527
3.66471
3.6164
3.34113
3.34113
3.91839
4.37463
3.09285
2.89497
3.5873
3.71311
3.96086
3.22551
3.09081
2.7229
3.56789
4.22251
3.88432
5.0643
5.15792
5.37296
4.18769
4.40024
3.81499
4.8279
4.41042
4.37226
4.61203
5.06367
4.58784
4.53502
3.78936
4.02756
4.80708
5.22011
5.22011
6.33196
6.33196
6.54869
6.54869
7.21081
7.76983
7.76983
7.76983
7.76983
8.53138
8.53138
8.16719
8.16719
8.62389
8.62389
8.67436
8.20901
8.40077
8.195
9.09022
8.7421
8.35975
8.35975
8.35975
8.35975
8.45832
9.30206
9.94043
10.0994
9.15046
9.0013
9.79954
9.79954
9.55147
9.85771
10.3599
10.3599
10.0545
8.61739
7.71203
8.35915
8.35915
8.70519
8.70519
7.5314
7.04103
7.42324
7.42324
7.21484
6.74966
7.70967
7.31877
6.62312
6.62312
5.91568
5.91568
5.96506
4.57456
4.79714
4.22278
4.22278
5.11167
4.94396
5.98295
6.29406
6.21043
4.8071
6.06645
6.06645
6.78769
5.82749
5.78886
5.26178
4.90537
4.97441
6.02724
5.44701
4.62495
4.40122
3.63258
3.31552
2.56516
2.56516
2.45107
2.67523
2.26928
1.78964
1.44443
2.03954
2.97074
2.45772
2.41587
3.06036
2.96776
3.22221
3.22221
3.7523
3.7523
3.7523
3.7523
3.82682
3.39345
3.20835
4.67539
5.30573
5.33398
4.10991
4.86824
4.13653
4.31675
3.42125
3.83046
3.1958
3.1558
3.01908
3.18894
3.18894
2.55611
3.24073
3.15699
4.19755
4.37549
4.29946
3.39166
3.97014
3.5878
3.26622
3.26622
3.19847
3.19847
3.83163
3.47848
3.94837
3.14301
3.14301
3.39519
3.39519
2.82288
2.82288
2.82288
2.57467
2.52127
3.71154
3.33422
2.99531
2.99531
2.58381
2.58381
3.02108
4.13143
3.95848
3.20121
3.49047
3.20004
4.55685
4.55685
4.55685
4.2496
4.2496
3.51777
3.55239
3.60941
4.50341
4.4378
4.4378
4.62026
4.05375
4.05375
3.68731
3.68731
2.68244
2.68244
3.45285
3.45285
2.78946
2.78946
3.02897
4.14782
4.59287
4.34039
4.68343
3.27829
3.27829
3.40747
3.05897
3.05897
3.25612
3.77251
4.33589
4.33589
3.90682
3.90682
4.35918
4.5734
4.06042
3.49303
4.49837
4.36442
4.78865
4.78865
4.69557
4.77049
3.7773
2.79938
2.68809
2.68591
2.75719
2.13064
2.65292
2.89827
2.56337
3.1618
2.7212
3.38091
2.76957
2.30946
2.0773
1.89074
2.58951
2.58951
2.58951
3.13309
3.36925
3.36925
3.36925
4.00233
4.00233
4.00233
3.64504
3.13137
3.42238
3.53599
2.71778
2.71778
2.92364
2.31099
2.31099
1.00755
1.00755
1.64972
1.64972
1.64972
1.64972
2.61501
2.30859
1.37964
1.37964
2.24051
2.92386
2.86312
2.86312
3.59457
3.90821
4.87305
4.06365
3.80245
4.42639
4.33063
5.43615
5.61199
6.61306
6.40991
6.40991
6.81117
6.31206
6.67986
6.57915
5.66921
5.15064
5.15064
5.15064
4.78107
4.78107
4.55157
4.55157
4.55157
4.70481
4.71055
4.77339
4.08939
3.65755
3.83218
4.14599
3.58081
3.58081
4.72375
5.10151
5.05623
4.11104
4.90619
4.97498
4.07718
4.75666
5.30143
5.3148
4.95628
5.39371
4.44811
5.45296
5.60745
5.03891
4.31721
4.31721
3.68701
4.05464
3.41465
3.52072
3.52072
3.07436
3.07436
2.70902
1.656
2.79412
2.79412
2.88185
2.88185
3.01639
3.64524
4.8964
4.51298
4.51298
4.51298
4.7896
5.63159
5.51881
4.72236
4.58464
4.52154
4.52154
4.52154
3.1891
3.01218
3.01218
3.86601
3.86601
3.26281
1.99419
2.05617
2.05617
2.05617
2.05617
2.78353
1.96256
0.876085
1.24908
1.24908
1.24908
2.42836
2.18343
2.5789
1.89697
2.24956
2.44125
2.44125
3.05975
2.77345
2.77345
2.77345
2.91707
3.11099
3.16982
2.79251
3.81843
3.18298
3.26137
3.47335
3.13207
3.26151
3.92541
3.92541
3.55367
4.45619
4.45619
4.9763
3.53564
2.98897
2.98897
2.65675
2.65675
2.36571
2.08092
2.08092
2.7276
2.50017
2.50017
1.66875
1.66875
2.30376
2.30376
2.97354
2.97354
3.37136
3.37136
3.32912
3.32912
3.94627
4.08824
3.25237
2.77806
2.77806
2.77806
1.95025
1.7188
1.20117
1.06214
1.06214
1.06214
1.06214
2.28483
2.77001
2.29606
2.79403
2.93641
2.93641
2.93641
2.50305
3.03663
2.43548
2.43548
2.53483
2.96481
2.96481
2.54001
2.54001
2.80631
2.80631
2.33281
3.30725
2.66604
2.66604
2.32718
3.35696
4.11644
4.11644
4.11644
2.61667
2.79755
2.79755
2.69044
2.69044
3.05214
4.27861
4.41449
3.8045
3.8045
3.8045
3.8045
3.8045
4.19178
3.53233
4.59467
4.46951
3.41491
3.09165
2.46635
2.46635
2.46635
2.87329
2.82338
3.76468
3.53318
3.11108
3.6788
3.65315
2.28969
3.13757
3.52821
3.52821
3.88689
3.6281
3.91263
4.05928
4.05928
3.45936
3.37442
2.81312
2.6416
3.71394
3.71394
3.71394
4.69283
5.04776
5.15971
4.5794
5.5711
6.73404
6.73404
5.83886
5.83886
6.20899
6.39946
5.59805
5.9507
5.4002
5.4002
4.99793
4.99793
4.99793
4.79891
5.31938
5.31938
6.12202
6.98214
5.73376
6.84732
6.19709
5.24493
4.16652
4.20405
5.21762
5.44451
5.44451
5.44451
4.91866
4.67944
4.64423
5.25665
5.03836
4.41204
4.41204
5.05058
5.05058
5.34803
6.10146
5.06332
5.31649
5.31649
4.36768
4.18634
4.18634
4.80218
4.48207
5.78976
5.78976
6.15998
6.39506
6.86561
6.70889
7.59186
7.59186
8.66275
8.93351
10.0215
10.0215
9.34504
9.09324
8.68392
8.68392
8.68392
7.87613
7.43373
7.21328
7.28144
7.28144
6.07997
6.07997
5.02167
5.70825
6.44339
7.19148
6.01631
7.20127
6.43315
7.5257
6.73266
6.53961
5.38674
5.38674
5.38674
4.39575
5.49347
4.73591
4.73591
4.73591
4.42129
5.20281
5.20281
4.6195
4.6195
4.6195
3.73124
3.73124
2.51731
3.72685
4.50563
4.64208
5.73034
5.73034
4.66035
4.15967
4.17293
5.07691
4.53416
5.47597
5.37354
5.37354
5.96892
5.17885
6.22521
6.43034
5.72625
5.72625
5.72625
5.03889
5.03889
4.74607
4.66928
5.05565
4.85027
3.94351
4.32836
5.10937
5.828
5.06419
6.20827
6.03142
5.14852
4.77395
4.09754
4.09754
4.09736
4.57591
4.57591
4.30037
3.49529
3.18594
2.33331
1.80533
1.33817
1.98213
1.98213
1.87617
1.63449
1.77218
2.08939
2.08939
3.10931
3.10931
2.09922
2.70369
2.26554
2.45749
2.45749
2.45749
2.06659
2.80153
2.98273
4.10555
4.10555
4.87025
4.36321
3.63481
3.53367
3.53367
3.47441
3.14058
3.17421
3.17421
3.17421
1.87594
1.87594
1.87594
1.87594
2.06
2.2984
2.2984
2.2984
2.70316
3.32948
3.32948
2.34847
2.34847
2.34847
1.66617
2.29478
2.60466
2.60466
2.60466
1.96073
1.96073
2.56877
2.8724
2.52551
2.52551
2.20804
1.65313
1.65313
1.65313
0.795145
0.795145
0.795145
0.867388
1.97179
1.64121
2.11711
2.11711
2.11711
2.11711
1.85664
2.64482
2.91415
2.91415
2.91415
2.91415
1.95925
1.39337
0.758611
1.78168
2.25952
3.12596
2.33802
2.47053
2.65464
2.65464
2.38182
2.96503
2.96503
2.96503
3.18209
3.81902
3.37156
3.79832
2.95368
2.95368
2.6782
2.82864
3.00269
3.00269
2.92171
2.5648
2.71915
3.27567
4.07863
4.45081
4.14209
4.6948
4.36327
4.15308
4.96856
4.96856
4.51169
4.53492
3.52097
3.48244
3.51447
3.04444
2.57916
2.33475
2.33475
3.03026
3.0235
2.08689
2.72028
2.76599
1.91929
2.87635
2.96135
2.78534
3.41715
3.41715
3.9096
4.32386
4.07674
4.2426
4.2426
4.13002
4.55572
5.1671
4.70031
5.21243
5.21243
5.21243
4.32309
4.32309
4.32309
4.32309
4.27965
3.55343
3.55343
3.55343
2.57229
2.49837
3.84383
3.10911
2.86158
2.86158
2.87323
2.87323
4.13083
4.00986
4.30666
4.48508
3.96557
3.7522
3.05816
3.71967
4.11283
3.50268
3.92515
2.89131
2.89131
2.57186
2.18577
2.12299
2.12299
2.12299
2.6656
2.72959
3.03289
3.19513
3.45627
3.45627
3.25463
3.25463
3.25463
4.18847
4.74353
4.51576
3.62325
4.04127
3.36407
2.46619
3.2007
3.23112
2.60475
3.14436
3.45593
2.72019
2.4232
2.4232
2.4232
3.18038
2.31147
3.37933
3.37933
3.37933
2.91861
3.26982
3.95354
3.86434
3.28824
3.06209
3.86408
5.12896
4.93617
4.93617
4.2291
4.37729
4.37729
4.53903
4.31602
4.01692
4.94714
5.93348
6.40807
5.80021
6.78075
7.1203
7.05832
6.81823
6.81823
7.69902
7.34195
7.83208
7.0265
5.56631
5.56631
5.56631
6.04115
4.53842
4.53842
5.85504
5.85504
5.04369
4.84641
4.64502
3.08341
3.5818
3.56171
3.56171
3.29217
3.64877
4.76368
4.4619
5.19428
5.84457
5.60157
5.84901
6.24533
5.98536
6.44763
5.82684
6.27616
6.1968
7.44911
7.40247
7.40247
8.31986
8.37855
7.90401
7.46837
7.46837
7.46837
7.31663
6.28681
6.28681
6.37596
7.15494
7.09212
7.37881
7.36721
7.13313
5.88325
5.88325
5.88325
5.01497
5.01497
5.01497
5.01497
5.01497
4.49428
4.47077
4.64153
3.35432
4.5889
4.10155
3.58194
3.73407
3.94249
3.88244
3.88244
5.47291
6.0027
7.0019
6.99653
6.90543
7.69085
6.79091
6.79091
6.58848
5.40838
5.33937
4.84923
4.47972
4.63056
5.05522
5.10036
5.3799
6.01032
5.48676
6.07917
6.07917
5.41396
5.10392
5.10392
5.10392
6.24995
6.10064
5.37707
5.37707
5.37707
5.02466
5.02466
6.22449
5.96161
6.09129
5.53512
5.53512
5.21878
4.75127
4.61986
4.61986
4.41966
4.63323
3.83402
3.63015
4.09721
4.9744
4.68065
4.68065
4.84528
4.34767
4.8043
5.31657
4.61271
4.61271
5.12473
5.62082
4.63143
3.7802
4.41926
4.41926
4.34771
4.08823
4.08823
3.87678
3.87678
3.70693
2.76063
2.10018
2.10018
1.00046
2.31378
2.61992
3.68194
4.93696
4.73544
4.22398
4.22398
3.14678
3.61698
3.9606
4.65572
4.65572
4.81971
4.89894
4.89894
4.89168
4.17798
4.64315
4.87106
5.56503
6.24317
6.24317
5.90127
5.12726
4.3571
5.00897
5.00897
5.23824
5.66509
6.13287
4.86364
4.93094
4.48826
4.75284
3.89209
3.24484
2.56782
3.83793
2.35413
2.15954
2.84064
4.08144
3.40957
3.93731
2.95901
2.64692
1.94134
3.30934
4.1136
4.39597
4.90263
5.03821
4.06737
2.83161
2.83161
1.4793
1.4793
0.758363
0.758363
0.758363
0.749527
0.749527
0.71626
1.88461
2.14187
2.59712
2.79423
3.33147
4.08532
3.78802
4.64693
4.02103
3.39547
3.85306
4.70538
4.70538
5.35647
6.56593
6.2333
6.28716
5.8428
6.08319
6.08319
6.08319
6.08319
7.27779
6.88222
6.2451
6.73868
5.75303
5.83488
5.89525
5.89525
5.57701
4.78473
4.49669
3.90566
4.49885
5.00621
5.05198
5.05198
4.56676
5.79824
5.30058
4.38763
3.77747
3.77747
3.68371
3.68371
2.97459
2.97459
2.97459
3.77317
3.77317
3.08888
2.68809
2.68809
2.10637
1.4959
1.66149
2.03104
2.03104
2.03104
0.585291
1.67794
1.67794
1.67794
1.95171
1.577
1.70554
2.51001
2.51001
2.69537
1.86688
1.86688
2.92099
2.92099
3.20361
4.22236
4.77742
6.02392
5.77507
5.41586
5.90805
5.13235
5.3921
5.3921
6.19377
6.38301
7.08754
6.60634
6.8905
6.8905
7.02649
6.6605
5.51804
3.95802
3.2147
3.2147
3.568
4.06563
4.54694
4.54694
3.65392
4.42609
4.42609
4.96364
5.73757
5.79054
5.70599
5.70599
5.70599
5.70599
4.87499
4.87499
5.09788
5.08232
5.27804
5.31198
5.31198
4.11154
4.11154
4.11154
3.80684
3.80684
3.82771
4.41154
5.52477
5.52477
5.73744
6.50078
6.50078
6.50078
6.2501
6.2501
6.06097
5.96397
5.96397
6.00554
6.00554
5.25717
5.25717
5.25717
6.13435
5.36682
5.36682
5.36682
5.36682
4.59771
5.32626
5.32626
5.32626
5.32626
5.73139
6.90084
7.01902
7.01902
7.01902
6.56948
6.56948
6.56948
6.33431
6.43001
6.89578
7.24203
7.05511
7.05511
5.95917
5.94326
6.15808
5.81215
6.42814
5.83566
5.83566
7.05962
7.10608
8.1789
8.1789
8.1789
7.10532
7.1622
7.49071
8.49316
8.05025
8.0072
8.62908
8.62908
8.62908
8.77009
8.77009
8.7963
8.30902
8.59295
8.81218
8.94654
8.81518
9.15128
8.96273
9.34776
9.34776
8.83631
7.54279
6.83212
6.83212
5.99922
6.06862
5.44165
4.85487
4.86644
4.23471
4.38617
4.31582
4.80776
4.80776
4.41104
4.41104
4.42566
4.60687
4.30942
4.27614
4.5164
5.8531
5.78891
6.19016
5.56796
5.56796
4.8293
4.8293
5.51084
5.51084
5.3564
5.82788
6.09438
6.5361
6.78333
6.78333
7.19304
6.57096
5.47575
6.34716
6.08776
6.83006
7.6242
7.21588
6.6737
6.65533
7.88858
8.01022
7.27561
7.54737
7.54737
6.95287
6.95287
8.01709
8.26443
8.78259
8.78259
9.08605
8.77098
8.77098
8.77098
9.58511
8.66378
8.40891
7.87204
8.73742
9.09383
10.0789
10.0789
10.637
10.318
9.81127
9.27216
9.27216
9.09759
9.09759
9.74792
10.1593
9.52705
9.68002
8.45462
8.92386
9.37738
8.34672
8.27153
8.58686
8.65746
8.48016
7.08702
6.82407
5.67207
6.11331
6.11331
6.00309
5.24707
4.44085
4.44085
4.44085
4.44085
4.72547
3.97391
3.97391
3.84328
3.50754
3.50754
3.50754
2.54281
2.81107
3.24057
3.34868
3.34868
2.60671
2.65977
2.84231
2.84231
3.12318
3.87987
3.39663
3.39663
3.9547
3.83174
4.45344
4.45344
3.96878
3.96878
5.03342
4.15512
4.44928
3.94301
3.94301
4.58704
4.69066
4.66826
4.29232
3.61763
4.20677
3.37832
3.14929
4.01422
4.57544
4.28231
4.02562
4.49987
4.21249
4.79278
4.29724
3.91072
3.05643
3.05643
3.05643
2.69495
3.83904
3.85399
4.27034
4.18709
3.68028
3.68028
3.68028
3.09596
3.49367
3.2525
4.15364
4.01433
4.87922
5.6667
4.47624
5.86339
5.68031
5.84892
5.84892
5.84892
6.98503
6.79034
5.86757
4.65074
4.65074
4.79023
5.18809
5.91285
6.78161
6.12362
6.87161
6.112
6.112
5.41991
6.83791
6.83791
5.95109
6.80599
6.80599
7.14129
7.14129
7.14129
6.15356
6.15356
6.67554
6.39348
7.17397
6.34536
6.46177
7.11369
6.98882
6.7477
5.60975
5.60975
5.68476
6.08411
7.03295
7.03295
7.71288
7.71288
6.91639
5.96553
5.46653
5.73155
5.73155
6.99792
8.06574
7.55048
7.47239
7.75633
7.75633
7.07246
7.07246
6.66352
6.62044
7.75036
8.05852
7.84846
7.84846
7.2336
6.3198
6.35474
5.49452
5.49452
5.49452
6.82156
6.82156
7.64639
8.52176
8.53177
6.7797
7.41073
8.13541
8.13541
7.97623
6.93512
7.05707
7.05707
7.05707
6.06999
6.22233
5.36358
5.90835
5.09907
5.09907
5.09907
5.88871
5.00565
4.82437
3.84971
3.48555
3.54058
2.18027
3.29033
3.04298
3.04298
3.04298
3.04298
3.04298
2.73728
2.61714
2.61714
3.05588
1.96284
1.81579
1.81579
2.37101
3.38209
3.38209
3.59964
3.49741
5.08348
4.32899
4.32899
4.32899
4.32899
4.41514
4.90362
4.90362
4.0925
4.0925
4.0925
4.0925
3.16316
3.16316
3.6756
3.0547
4.18472
4.18472
4.59407
5.08549
4.7556
4.40299
5.47565
3.83824
2.87511
2.45124
3.78264
4.22465
3.5715
4.01781
4.22849
4.15895
4.78382
4.61908
4.60284
4.22353
3.25406
4.24146
4.13255
4.13255
4.00376
4.89115
4.52835
3.98115
2.849
3.47445
3.57528
3.57528
3.33646
4.40884
4.28397
5.16056
5.14883
5.14883
3.87454
3.57479
2.68653
3.85671
4.05645
4.42462
4.53558
4.63486
4.70441
4.38816
4.38816
4.0096
4.0096
3.97448
2.60267
3.1654
3.1654
2.02251
1.60109
2.34379
1.92568
2.62017
2.5814
2.98804
2.98804
1.75169
1.75169
1.80857
1.80857
2.65822
2.30037
2.6076
2.21036
2.4301
2.4301
2.01523
2.01523
1.62629
2.83806
2.54088
2.54088
3.32712
3.58994
3.44426
2.73582
2.68587
3.8075
3.8075
3.32153
3.32153
3.32153
3.81729
4.52805
4.26877
5.18003
5.18003
4.62409
4.62409
4.62409
3.79408
3.85296
3.53468
3.50465
3.76481
4.46006
4.65816
4.70623
4.70623
4.94023
3.64929
3.64929
3.65842
4.46988
4.63046
4.63046
3.12009
2.81817
3.19188
3.19188
3.5316
2.64296
3.5467
3.5467
3.88588
3.90235
3.03055
2.63522
1.97787
1.50981
1.91683
2.47627
2.10946
3.01619
2.05667
2.64849
4.11064
4.21766
4.33832
4.55534
4.55534
3.77903
2.98795
3.76556
3.76556
3.58974
2.4258
2.41373
3.09843
3.09843
3.55605
2.82364
3.71824
3.06677
2.71729
3.41952
3.94102
3.94102
3.81332
3.90303
3.48538
4.75088
4.75088
4.98236
3.89473
4.28786
5.1726
6.53653
5.92767
4.435
4.435
5.07126
5.04617
4.31693
4.31693
5.20654
5.35715
4.71337
4.72832
3.1851
2.53126
2.53126
3.06161
3.44449
3.05092
1.89538
1.89538
2.01086
2.01086
2.01714
1.97396
2.88144
2.34941
2.80991
2.96395
3.34104
3.34104
1.89859
1.29435
1.12784
1.12784
1.80369
2.60985
3.34467
4.58283
5.33745
4.31289
4.87967
4.87967
5.51599
5.38954
6.04029
6.04029
6.04029
5.91824
4.92258
4.74712
5.16419
4.05594
3.4293
2.94053
3.58243
3.58243
3.58243
3.96002
3.90062
3.90062
3.48998
3.12398
3.12398
2.31283
1.95654
2.19381
2.50845
2.96374
2.96374
3.93252
2.4524
3.21629
2.9449
3.90668
4.83927
5.41378
6.67918
8.10688
8.03254
7.29379
7.19122
5.77916
4.54958
4.54958
4.60617
4.6808
4.09683
4.09683
4.09683
4.09683
4.09683
4.05837
4.55873
4.58719
5.22085
4.79787
5.27031
4.9124
4.9124
4.91751
4.22881
4.19816
4.54667
4.82289
5.4647
6.32026
7.26594
7.95009
7.95009
7.12061
7.12061
6.16898
5.83129
5.87185
5.56637
6.10552
4.89743
4.51388
5.26348
5.78255
5.78255
5.6029
5.6029
6.46804
6.4711
6.36263
5.3499
3.81545
3.34031
4.3629
4.6851
3.40002
3.40002
3.38418
3.38418
2.88491
2.79322
1.62352
2.12155
2.35961
3.53247
3.53247
2.80159
3.21502
4.24034
4.4141
4.44975
4.39463
4.39463
3.53057
3.53057
2.8457
2.35921
3.50383
3.00782
2.90805
2.6247
3.18198
2.20365
2.59296
2.59296
3.77572
3.6711
2.65639
3.14646
3.14646
3.38726
3.35592
3.79862
3.03446
2.47347
2.47347
2.47347
2.12212
2.23657
2.73262
2.20193
2.20193
2.94716
4.21311
5.35517
5.35517
6.28582
6.23711
6.05516
5.81884
5.84358
5.21335
5.21335
5.40404
4.019
4.019
3.24836
3.24836
3.24836
2.97808
4.3691
4.86236
5.53918
5.9742
5.8423
6.45894
6.92796
5.84009
6.72958
7.44435
8.52646
9.573
8.48114
8.48114
7.53922
8.9179
8.28034
8.15682
7.51538
8.60294
9.41221
8.6753
9.49268
9.49268
8.38474
7.97742
8.48008
7.40065
6.1093
5.5552
5.86654
5.86654
5.44688
6.56837
7.45464
7.45464
6.57758
5.99592
5.75348
5.5933
5.53027
4.26353
4.92924
4.31583
4.31583
4.99749
5.60905
4.3153
4.45669
5.78961
4.93228
5.57097
5.57097
5.84241
5.32007
5.00372
5.05402
4.42575
4.88396
5.78915
5.00707
5.42104
4.23012
3.72153
3.72153
3.81833
3.4112
2.34109
2.34109
2.23138
2.59556
2.59556
2.53537
2.39524
1.97118
1.03231
1.15519
1.15519
1.15519
1.15519
2.28958
2.6044
1.5327
1.5327
1.5327
2.67938
3.01062
2.086
2.086
2.73473
3.16948
4.59473
4.37276
4.37276
4.21979
3.85564
4.07754
3.17767
2.31535
1.43603
2.49828
2.78862
3.90334
4.75216
5.10935
5.71347
4.98065
4.98065
6.3412
5.80977
5.32948
5.32872
5.91644
6.022
5.15892
5.34762
5.35696
4.67414
4.61834
4.98487
4.96125
5.79735
5.64356
5.45851
5.45851
4.33952
3.48356
4.37793
4.9299
6.13281
7.10732
7.42932
6.14983
5.7001
5.7001
5.63223
5.45039
5.58468
5.58468
5.58468
5.25326
6.41456
6.37981
6.69193
6.69193
6.69193
7.58605
7.58605
8.6425
7.83876
8.84249
8.7498
8.7498
8.20579
7.21847
6.80937
7.35881
7.32143
7.32143
6.98631
8.00781
6.99678
5.83447
6.15043
6.79132
6.48264
6.6025
6.6025
6.64037
5.76785
5.76785
6.16755
6.81309
6.81309
6.80768
7.17152
7.17152
6.60462
6.5224
6.5224
7.33025
6.48477
5.32207
5.32207
5.26029
5.98954
5.98954
5.98954
5.98954
7.03687
7.21228
7.92835
6.8203
5.92031
5.92031
5.92031
5.14496
5.58244
5.58244
5.57479
5.57479
5.41079
4.53097
5.38862
5.38862
4.30578
4.73691
5.35108
6.15629
6.15629
5.90281
5.32052
4.95734
3.54208
3.17218
2.24086
2.24086
2.44532
2.44532
2.44532
2.6273
2.6273
2.6273
3.80003
3.80003
3.89544
4.64941
4.64941
4.92649
3.75315
4.65823
5.39056
5.39056
5.84721
5.84507
5.84507
6.12357
6.00341
6.0949
5.85339
5.85339
5.33002
4.96707
6.07427
5.47022
5.09523
3.69477
4.13739
5.57221
5.96811
5.96811
5.02488
4.96745
6.15629
6.15629
6.15629
6.71128
6.09814
6.15768
6.84965
7.03231
6.82491
6.6392
6.48934
6.48934
7.27874
7.87342
7.78019
7.07144
6.02734
5.78918
5.78918
4.90995
4.90995
4.86248
4.02423
3.43017
3.71502
4.90385
4.90385
4.08613
5.56354
5.56354
5.56354
5.56354
6.34986
5.75127
4.7854
5.06923
4.87098
3.78833
4.14357
4.14254
4.14254
3.29313
3.45226
4.04367
3.93755
4.82546
4.82546
5.79206
6.2498
6.5275
6.74674
7.88065
8.51343
8.25894
7.62407
8.98067
9.67784
9.67784
9.00667
8.66405
9.32988
9.32988
9.32988
9.0354
9.0354
9.49111
9.49111
9.49111
9.99148
9.94673
10.3198
9.34906
9.34906
8.94056
8.17628
9.41498
9.18755
9.18755
9.18755
8.16054
6.99318
6.99318
6.44232
6.44232
5.23166
5.23166
6.06796
5.20955
6.38397
4.98757
5.14434
5.22493
4.23087
3.92
2.87599
2.87599
1.95615
0.963036
0.956205
0.956205
1.28353
1.746
1.746
2.94789
4.19277
4.19277
4.4017
4.4017
3.05365
2.9385
2.76742
2.78902
3.4485
2.74638
2.74638
2.65168
2.74935
2.8691
2.8691
2.8691
2.8691
2.8691
3.08726
2.45038
3.28833
3.28833
4.20485
4.36624
4.81638
3.50542
4.33398
4.33398
4.11722
4.11722
4.24201
4.32721
5.14702
5.14702
5.14702
5.46549
5.57621
5.87656
5.87656
6.3299
7.53172
7.26621
7.26621
7.22655
6.13591
6.80973
7.15574
7.15574
6.59488
6.70163
6.83612
6.73399
6.19881
6.14543
7.61428
8.28531
8.9219
8.67132
7.56179
7.36723
7.68563
8.25016
8.39687
8.39687
8.43761
8.99848
8.76666
9.62178
9.59073
10.0604
9.92532
10.1911
11.1452
11.4432
9.97679
9.88921
11.0192
9.60817
9.45244
9.45244
8.91395
8.39723
8.39723
8.93029
8.202
8.48361
8.09679
9.36011
9.21886
9.9453
9.9453
9.98311
9.67715
9.84768
8.95077
8.68291
8.15587
8.15587
8.15587
7.69293
6.76588
6.76588
7.62423
7.62423
7.62423
6.68022
7.05688
6.67483
7.23507
7.25949
7.51608
7.3751
7.3751
6.65842
6.65842
7.41558
6.17169
4.84572
4.25122
4.25122
3.03818
3.03818
3.03818
2.76286
1.75307
1.75307
1.75307
2.38428
2.30284
1.23788
1.23788
0.484324
2.01598
2.76974
2.4607
2.4607
2.4607
2.4607
2.24945
3.30882
2.41929
3.96847
3.4094
3.4094
3.2615
3.7467
3.54353
3.54353
4.46614
5.00673
5.76852
5.76852
5.44883
5.53722
5.20249
3.87089
3.91893
2.993
2.993
2.90976
2.75851
2.94684
2.55778
2.55778
2.84309
2.84309
1.87879
2.66966
1.82383
2.96666
2.26442
2.99839
3.59173
3.59173
3.59173
3.54433
3.33205
3.81532
4.4329
4.18923
4.18923
3.88683
3.88683
3.88683
3.88683
4.1963
4.83986
4.95265
4.95265
4.24437
3.56668
3.56668
4.48107
5.08385
4.13279
5.37945
5.37945
5.9066
5.39251
4.48702
3.30888
2.71387
2.71387
3.22808
4.20446
4.20446
4.89146
5.55158
4.65827
4.87217
5.27446
5.44614
4.45055
4.45055
3.94709
3.94709
4.61406
4.25583
4.25583
4.25583
4.99334
4.53268
4.07256
4.29011
3.44126
3.44126
3.44126
3.44126
4.27902
4.0737
3.48813
2.4863
1.7122
1.88526
1.88526
2.53743
3.77459
3.77459
4.4373
4.63612
5.91384
6.71165
5.98391
6.146
6.01327
5.14202
5.79842
5.79842
6.20026
7.13271
7.13271
7.35992
7.37546
7.66751
7.66751
6.78621
5.26232
5.26232
4.57674
4.89544
5.46742
4.56787
4.56787
4.04683
4.7145
4.92136
3.7836
3.40184
3.40184
3.81142
2.71565
2.91658
2.83798
3.32518
3.78783
3.78783
3.69657
2.77375
3.03198
3.61192
3.61192
3.52221
4.4457
4.08832
4.24897
4.47322
3.85006
2.83089
2.83089
2.57451
3.19564
3.19564
2.07498
3.4295
4.04415
4.8507
4.8507
5.08566
3.69537
2.89534
2.89534
2.13896
1.75304
1.08608
2.51787
1.44019
1.44019
2.15434
2.15434
3.41068
3.0174
1.9763
2.28404
2.28404
1.75818
1.75818
2.26977
2.6241
2.61679
2.61679
2.70568
2.40236
1.68544
1.68544
1.03024
1.21543
2.09962
1.6196
1.6196
1.6196
1.84271
1.84271
1.94099
1.47251
2.71724
2.71724
2.71724
2.71724
3.38609
2.7391
2.48177
3.30751
2.90034
3.26584
3.26584
3.53841
4.21348
4.2957
4.62036
4.62036
4.00462
4.32011
4.32011
3.58565
3.50251
2.97698
2.97698
3.52988
4.48582
4.48582
4.44501
4.44501
3.24156
3.38024
2.50868
2.50868
3.37165
3.99416
3.99416
3.40115
3.79285
3.79285
5.13602
5.24946
5.24946
5.40279
5.40279
4.88554
4.88554
4.50871
3.77906
2.51013
2.51013
2.11447
1.79751
1.79751
1.79751
2.61241
2.61241
2.5748
2.54318
1.92862
1.85652
1.57637
2.62597
2.86527
3.70727
2.92894
2.26937
2.74096
2.03814
2.03814
2.03814
1.86281
2.67668
2.44677
2.51798
2.39087
2.39087
2.39087
3.3552
3.3552
3.66304
4.0951
4.0951
4.9917
4.9917
5.44749
5.56512
5.47445
5.82242
6.22739
6.3493
6.3493
5.72114
4.62277
4.62277
4.72584
6.00906
7.3552
7.82858
8.5023
7.56919
7.831
6.99347
7.96395
7.24359
6.83226
6.83226
5.97625
5.4463
5.4463
4.37816
5.61462
5.14689
5.87081
6.07816
5.6273
5.35367
6.20815
5.84221
6.15073
7.14635
6.86799
5.95253
5.76137
4.94065
4.94065
4.94065
6.12332
6.05723
5.82776
5.22285
6.59293
6.74721
7.3802
6.58433
5.98157
6.57518
6.45854
6.67337
6.67337
6.20575
6.08106
7.3379
6.66084
6.68796
6.17112
4.94314
3.79071
3.87288
3.87288
2.82947
2.50738
2.48173
2.66291
1.97645
2.9896
2.52569
2.40937
2.40937
2.72392
3.00701
3.00701
3.69337
3.99829
3.99829
4.11889
4.38568
4.11855
5.21304
6.43174
6.34039
6.80039
6.28115
5.24224
5.16099
4.47537
4.47537
5.27222
4.32968
3.2353
2.68612
2.55872
2.4745
3.05732
3.95355
3.16933
3.16933
3.16933
2.26486
3.11514
2.59939
1.57162
2.85069
2.46682
2.06856
1.65508
1.23654
1.23654
2.13893
1.99162
2.38215
3.35986
3.49377
3.49377
3.02536
3.3435
2.00477
2.58059
1.76718
0.724434
0.724434
2.10807
2.28669
2.1788
2.44708
3.15668
4.23708
3.99895
2.85457
3.20369
4.85688
4.58747
4.58747
4.90721
4.4168
5.38073
6.3136
6.0443
5.22325
5.22325
4.48253
4.8223
4.78756
4.96688
4.67447
4.86749
5.16974
5.16974
5.31997
4.75221
5.40821
4.98654
5.40565
6.38916
6.34539
6.25208
5.88053
5.74134
6.84172
6.84172
7.23823
7.48939
8.40033
8.40033
7.6359
6.95149
6.84264
5.91206
5.91206
6.78292
6.78292
6.78292
6.8941
7.31685
7.62922
7.56429
8.14384
7.13674
5.94179
5.13391
4.13196
3.24396
2.45103
2.45103
3.01544
1.74881
2.57801
2.92419
2.33462
2.0193
1.69458
1.82886
1.41998
1.62768
2.2043
1.57588
1.57588
2.1103
1.79231
2.23463
2.22617
2.17037
2.018
2.018
2.44589
2.44589
2.44589
3.61736
3.30983
3.3545
3.3545
3.84849
3.84849
3.78108
2.978
2.978
2.978
3.1887
3.1887
3.7154
3.94
4.14319
3.30626
3.30003
3.6364
3.6364
3.78974
4.28919
5.0866
4.09359
3.33135
2.5637
2.39476
1.55634
1.55634
2.24052
3.03582
3.91761
5.16554
3.60753
3.60753
3.34095
2.22091
1.70227
2.74103
2.59423
2.59423
2.59423
3.31832
2.96799
3.49354
3.49354
3.49354
3.49354
4.44862
4.02551
3.63578
2.89387
2.03884
2.37168
3.50639
2.54746
2.26105
2.12396
3.28782
1.90703
3.39604
3.39604
3.39604
4.0687
4.81642
4.81642
4.80386
4.30694
5.11975
4.4606
3.9699
2.9859
3.46625
2.34208
2.24117
3.47661
3.41883
3.00045
3.94627
3.41775
2.55956
3.44973
3.73769
2.74753
2.26457
2.18608
2.8508
3.07885
3.27025
4.21936
5.3178
5.01051
4.83007
4.83007
4.61899
4.5663
4.49905
4.43313
4.43313
4.14083
2.84124
2.84124
1.37366
1.49022
1.49022
1.49022
1.61362
1.61362
2.21134
2.21134
2.7195
2.65801
3.26795
3.22801
3.70249
3.62117
4.27343
4.81918
4.39788
4.33539
4.33539
2.98956
1.85751
1.85751
2.00381
2.00381
2.76827
2.06316
2.18875
3.19729
3.33374
3.0431
2.11688
2.8725
3.60056
3.60056
3.2187
2.66362
2.52978
3.7584
3.40714
2.98616
2.89165
2.89165
1.82671
1.82671
2.15063
1.19761
2.72064
2.72064
2.72064
3.13984
3.13984
3.63208
3.80453
3.77971
3.45837
3.3266
3.3266
2.66376
2.66376
2.71841
3.19593
3.77012
2.68323
2.68323
3.04553
3.54947
3.54947
2.58449
2.58449
1.78068
0.845886
2.14746
1.48452
2.33941
2.72577
2.57387
3.28694
2.58086
2.72964
2.61908
3.12642
2.96557
4.01584
3.81909
4.02315
4.02315
4.02315
3.70011
4.67079
4.7968
4.92431
4.37805
3.74433
4.67784
4.34317
5.48229
5.05711
4.32872
3.79206
3.78195
2.67859
4.18504
4.75902
5.22505
6.1825
5.14126
4.82268
4.82268
4.67637
4.61584
4.81169
4.76
5.4747
5.32
6.33587
6.36245
5.69738
5.78502
5.78502
5.83016
5.06303
5.06303
5.60657
5.60657
5.39441
4.69021
4.69021
4.69021
3.61856
3.61856
3.61856
3.61856
3.47639
2.45983
1.97342
2.70314
3.25868
3.74809
4.59359
4.68553
4.08332
4.08332
5.00868
5.00868
5.00868
4.74385
4.74385
4.12039
4.22151
4.22306
5.29049
4.3431
4.90975
5.51495
5.04167
5.2943
5.2943
5.48069
5.48069
5.48069
5.48069
5.63719
5.74271
5.52205
4.93068
4.93068
4.33711
4.05516
4.05516
3.83486
3.11777
2.58983
3.91282
3.43498
4.59602
5.14131
5.09561
5.39059
6.28413
5.76592
5.77848
5.65616
6.01375
6.01375
6.28938
6.28938
6.28938
6.85575
5.61793
5.31776
5.61223
5.37273
4.93458
4.93458
5.31515
5.31515
5.95269
5.95269
5.46304
4.57594
4.55411
5.45209
5.21395
4.51376
5.38199
5.19632
5.71291
5.30808
5.25624
5.35407
5.77234
4.65515
4.65515
4.46501
3.94931
3.94931
3.85433
4.19469
4.25135
4.37424
4.29635
4.29635
3.89899
3.89607
4.7698
4.49646
2.88597
3.17595
2.31614
2.31614
1.86704
1.76353
1.76353
1.73554
2.07453
2.3212
1.52041
1.98095
1.98095
2.45857
2.45857
2.43125
1.94415
1.94415
1.96038
2.46828
2.06274
1.88672
2.01657
2.86471
4.05294
4.05294
3.86452
3.86452
3.09363
2.69912
2.69912
3.12953
3.12953
3.12953
2.34196
3.31208
3.64375
2.26616
3.32313
3.62699
2.91986
3.34418
3.38715
3.78936
4.55822
4.55822
4.55822
3.92454
3.30037
3.30037
4.99632
4.9727
5.23283
5.8389
4.88589
4.76296
4.76296
3.94061
3.27396
3.27396
4.18594
3.67163
3.40276
3.97407
4.55634
4.55634
4.62638
4.88833
4.88833
4.88833
5.2437
5.2437
5.26944
4.51973
4.51973
4.07089
3.37461
3.20852
2.65715
3.11231
3.64783
3.64783
2.91946
2.91946
2.70889
2.70889
2.70889
2.70889
2.70889
2.48393
2.48393
2.06178
0.797599
0.797599
0.797599
2.29431
2.19235
1.92031
1.19404
1.19404
1.10697
1.10697
0.971914
0.987432
1.61157
0.898739
1.35117
1.22034
1.93526
1.98005
1.98005
2.64875
2.49382
2.42293
2.00161
3.46157
2.80607
2.61494
2.61494
2.61494
2.59166
2.99736
2.16475
2.16475
2.16475
3.71283
3.14883
4.49387
5.35856
5.80317
5.0932
4.18994
5.19433
4.52638
4.18146
4.16501
4.7073
4.7073
5.53908
6.01112
5.85131
5.85131
6.62955
6.62955
6.23566
7.22847
7.22847
6.9326
6.77836
6.77836
6.77836
6.77836
7.97452
8.80176
8.80176
8.51272
8.64305
7.79919
8.21491
8.23819
7.49114
7.52646
6.86799
6.86799
6.66797
7.44388
7.44388
6.94281
6.93019
7.70064
6.91999
6.91999
7.36456
7.76976
7.66922
7.66922
7.66922
7.98721
7.98721
7.7391
6.82569
7.77141
8.38651
8.38651
7.59275
8.13728
8.05483
8.25125
8.25125
9.37642
8.77474
8.58041
8.20201
8.04643
8.79089
8.84494
8.50755
8.67326
8.25801
7.49077
7.49077
8.06184
7.43795
6.92203
6.34129
6.34129
6.52731
6.26398
6.18447
5.30631
5.30631
5.52924
5.52924
6.44558
6.44558
7.17552
6.50845
6.52611
5.89873
6.51057
6.60614
6.54177
6.54177
6.96159
5.71921
5.64696
5.93404
6.15751
5.58235
6.06416
5.49521
5.01643
5.02592
5.06222
5.18929
4.48542
5.00434
6.17215
6.17215
6.17215
5.19902
6.29851
6.68177
6.94639
6.74137
7.47775
6.32414
6.46818
7.25182
6.93462
6.18452
7.16345
7.47373
7.74686
7.00998
7.00998
6.3604
5.6663
6.24899
5.09506
4.4413
4.4413
5.16165
4.47563
4.75929
4.93882
4.84205
6.21443
6.21443
5.90984
7.27521
7.28807
7.75153
7.80504
8.98781
7.95646
7.95646
7.16764
7.54549
6.79488
6.80465
6.75766
6.40348
6.24668
5.81192
5.17246
6.05796
6.05796
6.05796
6.05796
5.88257
6.47517
6.68487
7.1533
8.39364
7.60097
7.69365
8.02355
7.09853
6.79049
6.79049
6.39481
6.04653
5.5072
5.5072
5.60215
5.09998
5.22757
3.79113
3.9947
4.53531
4.53531
6.07486
5.11336
5.11336
5.11336
5.90302
6.5463
6.54215
7.64019
7.64019
7.40339
7.40339
8.08272
7.90344
6.80297
6.10969
4.9497
4.2842
3.6776
3.6776
3.6776
4.58408
4.35585
4.35585
4.35585
4.5634
4.66867
5.59644
5.51853
5.68637
5.00224
5.29074
6.65008
7.25153
6.16638
5.28571
5.28571
6.00845
6.56052
7.54257
7.3917
7.3917
7.3917
6.40203
6.40203
5.34192
5.34192
5.34192
5.34192
5.30025
6.0916
5.97204
4.65994
4.65994
4.07463
3.67478
3.16132
4.14009
4.21721
4.21721
4.45836
4.31823
3.63125
3.3402
3.29884
3.42304
3.42304
4.24006
3.69342
3.57293
3.1163
3.20541
3.20541
4.62293
4.62293
3.71177
3.07817
2.44496
2.95004
2.05649
2.05649
2.05649
3.03789
2.84205
2.84205
3.12419
3.12419
2.00684
2.00684
2.60065
2.44482
2.204
2.204
2.204
2.204
1.90818
2.76913
3.76496
3.76496
4.47856
4.47856
4.01209
3.74574
3.74574
4.58874
5.03804
4.66735
4.3808
4.67927
4.88089
5.24465
4.92429
5.1143
4.09108
4.09108
3.53112
2.59598
3.34588
3.41317
3.41317
3.52926
3.28627
3.28627
3.63731
4.6766
5.55832
5.20267
6.24356
6.95638
6.95638
5.81189
5.80758
6.61086
6.22856
6.49053
6.00765
6.00765
7.04466
6.5275
6.00457
6.00457
5.27681
4.73961
5.12776
4.4008
4.27642
4.12651
4.12651
4.12651
4.12651
3.71485
4.15408
4.08922
4.08922
3.90522
3.97789
3.12304
3.12304
3.12304
3.12304
3.12304
3.12304
3.56717
3.11204
4.12738
5.09638
6.02917
5.26511
4.7996
3.32185
3.32185
3.59497
3.59497
3.83108
3.83108
4.77408
3.38872
3.2923
3.2862
2.15484
2.15484
2.15484
2.02606
2.02606
2.6374
3.8868
3.86048
4.77353
4.77353
4.0643
5.22716
6.33595
6.33595
6.33595
7.53049
7.7725
8.09323
6.80633
6.33017
7.28119
6.92913
8.07464
8.07464
8.80811
8.61891
8.81804
7.82163
8.70128
8.70128
8.7954
8.7954
7.94942
8.73788
8.73788
8.73788
8.73788
8.81683
9.04601
9.04601
8.39611
8.47779
8.17128
8.52748
7.71908
8.39227
9.24402
9.24402
8.63255
8.63255
7.93688
8.82156
9.16471
8.99147
10.0799
10.0799
10.5471
10.5471
10.196
10.196
10.1113
11.2181
12.0923
13.0965
13.343
13.343
12.5433
12.112
11.2587
11.3267
9.90804
9.06171
8.99278
8.99278
9.35678
8.2261
7.56062
7.71005
7.83066
7.83066
7.10677
6.52732
6.95393
6.40971
6.63627
7.25952
6.58128
7.08851
6.91683
6.91683
6.41049
5.31163
5.24322
6.27229
5.7635
4.70157
4.46089
3.70817
4.28276
4.28276
5.27312
5.27312
4.6463
4.6463
5.16404
4.62891
4.34247
3.90299
4.20775
3.76267
3.76267
3.7482
3.89811
4.89216
4.64169
5.18236
4.50676
5.66985
5.45797
5.48495
4.57326
3.30414
4.13784
4.6875
5.33049
5.33049
5.07543
5.07543
5.21619
5.21619
4.75303
4.58373
5.23879
4.11727
3.78285
4.41388
4.97872
4.46978
4.46978
4.41443
3.9814
4.28247
3.11049
3.04238
2.91551
3.4418
3.4418
3.29531
2.98274
2.7419
3.58702
4.47135
4.42948
4.20258
3.56518
3.097
4.45213
4.28967
4.28967
3.99158
4.52292
5.54095
5.81772
5.81772
6.68151
6.68151
6.60499
7.17013
7.18034
6.54651
6.11137
6.11137
7.19134
5.89245
5.34642
5.43284
5.43284
6.14078
6.07915
6.07915
6.28729
6.92399
6.92399
8.14888
8.14888
8.14888
8.14888
8.14888
8.14888
6.79474
7.45556
8.39835
8.20414
8.32914
9.4862
9.60917
8.32694
7.65144
7.74079
7.74079
7.74079
7.82577
7.43158
6.82808
6.82808
7.19228
7.13929
6.98858
8.24725
8.24725
8.37858
8.37858
8.42892
7.60591
6.93182
6.37025
6.51393
7.71969
8.07019
7.49524
7.49524
7.93503
7.93503
7.25796
7.25796
6.79981
6.87963
6.87963
7.57421
7.15087
5.83253
4.41191
5.30279
4.68068
4.72423
4.9642
4.70024
4.70024
4.70024
3.99592
4.18669
4.3485
4.10698
3.1723
3.06018
2.86118
3.77979
3.91217
4.53716
4.56617
4.64991
5.13809
5.13809
5.13809
5.13809
4.38305
3.74536
3.50211
3.91064
4.32603
4.32603
3.91871
4.09611
4.09611
4.53409
4.10346
2.38054
3.05963
3.88726
4.74827
4.04541
3.73545
3.05677
3.07828
3.82338
4.4657
4.4657
4.22501
3.31063
4.42227
4.42227
5.33727
5.14574
5.66319
5.57772
4.39489
5.40413
6.70226
6.70226
6.31838
6.20607
6.20607
7.31646
7.70082
7.37182
7.72559
7.39284
7.58912
7.58912
8.90962
10.5367
10.5194
10.5549
10.5549
9.24537
9.77065
9.94322
9.94322
9.10236
8.33821
8.92957
9.06361
9.38138
9.39908
9.39908
9.14043
8.51828
8.51828
8.78964
8.35168
8.35168
8.85837
8.50632
8.15974
8.65297
8.65297
8.00412
7.70422
7.597
7.597
7.597
6.26681
6.46669
5.10984
5.72249
5.72249
5.72249
5.72249
6.35465
6.35465
6.82186
7.64197
7.089
7.09896
7.09896
7.73949
7.69975
7.56341
8.14772
7.98821
7.65658
6.71344
6.71344
6.62462
6.83214
5.9009
4.94163
5.67984
5.20998
5.44507
5.44507
5.98732
5.72221
6.20628
7.11182
7.11182
7.11182
7.11182
7.6387
8.14336
6.76386
5.24476
5.24476
5.24476
4.30559
3.93697
4.49291
4.52011
4.52011
4.39397
4.39397
4.40459
4.77412
4.77412
5.25282
4.99663
4.05189
4.60481
4.3848
4.74627
3.47659
4.95969
5.34795
5.45562
4.98947
4.98947
4.63289
4.46912
4.60427
5.49101
5.49101
4.58703
4.58703
4.28356
4.11873
5.14757
5.14757
5.68943
5.64826
5.48257
6.13411
7.24962
7.24962
6.66857
7.52273
6.90012
6.26436
5.30899
4.79754
6.00385
6.60548
7.15034
5.78516
6.06112
6.06112
5.15152
5.48256
5.35393
5.70849
5.28331
4.91389
5.18824
6.16733
6.51565
7.04317
7.04317
7.04317
7.04317
5.79024
5.25475
5.48161
4.87489
5.05049
5.05049
3.96318
4.72522
4.84417
4.84417
5.12401
5.50933
5.50933
4.24819
4.24819
4.40636
3.71471
3.71471
3.28369
2.7071
2.7071
2.80742
1.6381
1.6381
2.23476
2.23476
3.13575
1.77672
3.06578
4.10246
4.10246
4.16652
4.70836
3.31034
3.04567
3.04567
2.20353
1.68289
1.68289
1.03148
1.03148
1.10119
2.57892
1.80333
1.80333
2.98315
3.71354
3.9317
3.95949
4.23683
4.66017
4.05443
2.74769
1.70725
1.70725
1.70725
1.70725
2.00421
3.06446
3.24251
3.24251
4.45645
4.03853
2.53347
2.08199
2.08199
1.73964
1.95571
1.95571
2.28289
2.28289
2.50555
2.50555
2.50555
3.15699
4.06088
5.02285
3.76176
4.1511
3.96524
5.17988
4.75418
4.48112
4.48112
3.66915
3.00156
3.46095
3.78644
3.71023
3.71023
4.66282
4.66282
4.36001
4.94895
5.12734
4.79085
5.2072
5.46796
5.46796
5.46796
5.162
4.4639
4.74418
4.74418
4.27785
4.27785
4.27785
4.27785
3.80925
4.4379
5.4249
5.4249
3.77597
3.70879
3.70879
4.40097
6.01029
5.80309
6.29088
5.51518
5.39241
4.44889
4.5299
4.5299
4.30472
4.30472
3.69179
3.82337
3.18304
3.18304
4.06204
3.79524
4.67732
4.31074
4.60566
4.60566
3.86755
2.68168
2.5111
2.5111
2.92385
3.50343
4.62905
4.62905
3.85611
4.14578
4.14578
5.76354
5.76354
5.76354
5.78425
5.19287
5.19287
4.71948
4.71948
4.71948
4.71948
4.6011
4.40327
4.26082
4.34806
4.34806
5.45497
4.94001
5.62545
5.46477
5.46477
6.64307
6.64307
5.93555
6.50583
7.38032
7.38032
6.87203
7.01637
7.97333
7.51285
7.68661
8.00179
7.99352
7.99352
8.42996
7.5986
7.98321
8.27853
7.99105
7.49921
7.49921
7.77384
7.77384
6.44873
7.39829
7.66032
6.68452
6.68452
7.35887
8.40663
8.09806
8.09806
6.97225
6.67749
5.60271
5.56
5.40206
5.04475
5.04475
6.34076
6.34076
6.34076
5.0766
5.13094
5.13094
5.13094
6.12282
6.01136
5.63789
6.77639
7.10089
6.79675
7.05443
5.8003
5.8003
6.56879
6.58532
6.58532
6.58532
6.49327
6.12476
6.29692
7.47507
7.47507
7.47507
7.47507
6.35259
6.35259
6.51159
5.48425
6.09143
6.46334
6.97397
5.73875
5.77376
6.48195
6.13529
5.57334
6.32494
6.32494
6.32494
6.32494
6.40795
5.13777
5.69096
5.82965
6.26042
6.837
5.79956
5.77446
5.77446
5.77446
5.77446
4.71257
4.71257
4.39224
3.63353
3.84327
4.03937
3.44893
2.94493
3.7456
4.29854
4.29854
5.13002
5.3211
5.22154
4.57149
4.6507
4.01272
4.88249
4.35836
4.07837
3.19457
2.12248
2.12248
2.78298
3.08975
3.25397
2.35235
2.67493
3.08145
4.1618
3.31575
3.31575
4.27295
4.33138
4.33138
4.91651
5.95871
5.48137
4.55036
3.57919
3.57919
4.71613
4.19038
4.0927
4.51266
3.979
4.69403
4.70066
4.70066
5.49149
6.49887
5.94223
5.24981
4.72564
4.60559
4.21047
4.70158
4.79449
5.07046
6.20683
7.1076
6.86078
7.16595
6.93968
7.54237
8.41877
9.21877
9.86711
9.86711
10.8507
11.0546
10.6421
10.8588
10.3327
10.464
11.091
11.7432
11.5876
10.4588
10.4588
10.7926
11.3119
10.7886
11.4706
11.4091
10.4866
11.4914
9.95316
9.76507
9.76507
8.86949
9.26943
9.75809
10.6071
10.2239
10.2422
10.7473
10.7473
9.54868
9.73873
9.31522
8.05649
7.16382
7.16382
7.77324
7.63129
7.22895
7.22895
8.06851
7.16299
6.88976
6.90004
6.22038
5.62291
5.24292
4.68272
4.91554
4.31681
4.28236
4.28236
3.19057
3.19057
3.56492
3.5143
4.21537
3.27957
3.06741
2.40657
2.73363
2.73363
2.36762
3.90519
3.73763
2.29855
3.16093
3.75047
3.75047
4.49292
4.56357
5.04204
5.04204
4.24694
4.24694
4.24694
4.24694
5.53283
4.98244
4.98244
4.98244
5.87996
5.53904
5.70175
6.0341
6.50375
6.88252
7.59599
7.43462
6.9598
6.59595
5.93754
5.93754
6.13294
6.26411
6.32224
7.30527
7.60555
7.04099
8.55026
8.73209
9.55347
8.488
7.80911
7.11361
6.74134
6.74134
6.88707
6.39035
5.39707
6.00451
5.36801
5.36801
6.0265
5.57944
6.19322
5.10947
4.33692
5.13953
5.47193
4.87857
4.87857
5.38088
4.6403
4.12736
3.31773
3.35452
3.38461
3.38461
3.71435
3.29519
3.11613
3.97602
5.43461
5.86554
5.86554
6.29577
6.29577
6.0356
5.33716
5.33716
5.17918
5.98216
6.4863
7.20111
7.6198
7.60213
7.60213
7.5031
7.02138
8.27151
8.27151
7.62657
6.43488
6.49535
6.62429
7.64276
6.80344
6.89902
6.17454
6.6423
6.6423
6.33431
5.70438
6.00135
6.50993
6.50993
6.10713
6.10713
5.70731
5.65428
6.06948
6.12308
7.59132
7.59132
6.17029
6.61925
7.11107
7.11107
8.89201
8.49493
9.11363
9.6143
9.6143
8.07451
8.07451
7.16587
7.16587
7.29288
7.15473
7.34374
8.2605
6.8293
7.00764
7.44483
7.44483
8.3467
9.25691
8.55385
8.13409
8.03203
7.56524
7.62025
6.553
6.553
6.67732
7.10843
7.92146
8.94823
8.89173
9.28559
10.1496
10.2637
11.0358
11.0358
9.94181
8.94326
9.82481
9.9317
9.6618
9.83396
9.51352
9.78496
10.1608
10.5202
10.4137
10.4619
10.4619
11.1818
11.5554
11.4126
11.7016
12.1826
12.1826
12.684
12.684
12.1283
12.0471
12.0471
12.27
12.2201
11.9675
11.9675
12.0225
12.1984
11.7255
12.6311
13.5425
14.1827
15.0295
14.5394
13.3702
13.3702
12.8141
12.523
12.523
12.3493
12.3493
12.8454
13.5562
13.5562
13.6459
13.6459
13.6459
13.5647
13.5647
13.5647
13.0895
12.4626
13.3781
12.733
13.1056
13.1056
13.7291
13.7291
13.7291
14.5529
13.648
14.0051
14.0051
13.9638
13.9638
13.9638
14.401
14.6191
14.6501
15.583
16.457
17.5425
17.0505
16.8667
16.8205
16.7852
16.8029
16.8029
16.8029
17.191
17.1688
16.4731
16.5052
16.6731
16.6731
16.6731
16.6731
16.7469
16.1179
16.4376
16.0069
15.5311
14.4673
14.5009
14.5009
14.5009
14.4053
13.3653
12.2608
11.5431
11.053
10.0281
9.1563
9.1563
8.33208
7.78052
8.65858
7.95456
7.7601
6.88764
6.59605
6.59605
7.40225
7.40225
6.71843
7.20555
7.48366
7.21864
7.81212
8.02239
7.26245
7.37228
7.37228
6.24843
6.20301
5.09769
5.09769
4.65584
4.88787
5.6966
6.3596
6.3596
6.99742
6.99742
6.48839
6.48839
7.1767
6.24355
5.41431
5.41431
4.07876
3.91968
4.94675
5.09477
4.69783
4.29278
4.37204
4.18258
2.81871
2.11859
3.00211
3.74265
3.91534
3.61288
2.98799
2.98799
4.38854
4.63117
4.63117
5.37444
5.41848
5.60332
4.78744
5.33489
5.00593
4.44729
4.48667
4.36543
4.20637
3.99007
4.78009
4.78009
4.69466
5.05734
5.24076
4.26149
5.87448
4.92252
5.49357
5.23451
5.91749
6.64402
6.64402
6.64402
5.3197
5.03516
5.4314
4.59387
3.42507
3.26772
3.39057
3.39057
2.7976
2.7976
2.7976
3.42332
1.69591
1.69591
1.69591
1.69591
0.884396
1.627
2.47998
2.93395
2.93395
2.93395
2.93395
3.97338
2.95624
2.95624
2.65716
3.34494
4.07955
4.07955
3.96893
3.96893
3.52796
3.08429
2.51832
2.51832
2.9252
3.80937
3.22351
3.86366
3.86366
3.86366
3.68182
3.68182
3.89272
4.53868
4.79783
6.04909
6.04909
6.57844
6.57844
6.09946
5.32397
5.79011
5.79011
4.9395
4.45838
4.92732
4.92732
5.56148
5.83074
4.84463
4.84463
4.15128
4.47013
4.47013
4.47013
4.94369
4.94369
5.01003
5.01003
5.11591
5.11591
5.052
5.052
5.8494
5.61908
5.07553
5.07553
4.7915
4.69006
4.72225
3.58154
3.45915
2.81221
2.83275
2.83275
3.30819
3.30819
3.30819
4.17684
3.83239
2.6797
3.81993
3.78283
3.78283
2.85878
2.85878
3.93399
4.52307
3.91256
3.91256
4.89891
5.43087
5.43087
6.3253
6.76221
6.83781
7.00524
8.2606
7.96825
8.17531
8.80835
8.80835
8.27339
9.08423
8.86104
9.13061
8.86805
8.38816
8.38816
8.16696
8.16696
8.21696
9.40286
9.40286
9.04096
8.76441
8.75654
8.20759
8.7341
8.4007
8.4007
8.20629
8.41773
8.52888
8.52888
7.7752
8.129
7.17109
6.88644
6.47277
6.90372
6.46107
6.18032
6.63451
6.58083
6.58083
7.59557
7.62134
7.62134
8.25216
8.81188
8.71046
8.71046
7.83959
6.74841
7.6866
7.6866
7.83691
8.5157
8.25286
8.25286
8.35573
8.465
7.4641
7.19825
6.50703
6.59482
6.56757
5.89626
4.73294
4.6671
4.40459
3.76019
3.70246
3.70246
3.09283
4.07059
3.57735
3.90015
3.90015
3.81625
3.31366
3.31366
4.47568
4.92152
4.92152
3.96939
2.95826
1.68196
1.68196
1.68196
1.68196
2.12604
2.32848
2.32848
2.32848
2.32848
3.05631
3.05631
3.05631
2.58725
3.0239
3.14138
2.47407
2.47407
2.54481
2.66767
2.66767
1.96873
2.30586
2.89708
2.43097
3.13849
3.23552
3.23552
4.21012
4.99175
5.28224
4.73335
4.53969
4.86728
6.26756
5.45517
5.90169
5.75691
5.77247
6.1561
6.1561
5.7549
6.86269
5.66822
4.44043
4.76139
4.65689
4.28252
4.28252
4.28252
4.1961
4.1642
4.1642
3.54051
3.54051
3.54051
3.17897
3.98511
3.98592
5.06501
5.06501
5.83328
5.83328
6.81444
6.45765
7.39285
7.19968
7.19968
7.55855
7.88572
8.4115
8.4115
8.35434
8.38359
7.79228
7.91749
8.12279
7.71948
7.144
5.92138
6.56027
5.38753
5.87704
5.25977
5.2114
4.92215
4.74778
5.16963
3.95591
4.83944
5.03139
4.82048
5.61932
4.997
4.05494
5.34732
5.67441
5.19294
3.96387
3.54688
3.54688
3.54688
3.84194
4.95059
3.9776
4.72077
5.57253
5.50445
4.78704
4.72314
4.62603
4.09996
4.44344
5.58577
5.50009
6.29616
7.90447
7.90447
8.18604
9.48993
9.48145
9.75918
10.2828
10.5111
10.5111
10.5111
10.7152
10.3143
10.5789
10.8169
9.15408
9.67081
9.1065
9.07905
9.07905
9.32125
8.40256
8.30721
8.45405
9.55577
9.38684
9.38684
8.79917
8.79917
8.41203
8.02911
7.63208
7.985
7.985
8.47129
8.98422
8.26919
7.89307
7.37159
7.37159
8.25141
8.68657
8.68657
9.43117
9.43117
9.43117
8.60012
8.60012
7.96732
7.96732
7.96732
7.83723
7.23709
7.02716
7.02716
7.86969
7.33327
7.89852
7.74513
7.42953
6.55133
5.32291
6.08281
6.08281
6.41972
6.41972
6.55147
6.55147
5.45591
5.45591
5.45591
4.43966
4.43966
4.5766
4.5766
3.58573
3.29796
4.1434
4.01263
4.95479
4.95479
4.95479
5.50769
5.89651
5.77655
4.65272
3.90585
3.16338
3.28325
3.28325
2.21113
1.59036
1.59036
1.64565
1.64565
1.61127
1.61127
1.61127
1.61127
2.39425
3.37883
3.37883
3.72046
4.19502
2.7088
3.70738
3.70738
4.30128
4.30128
4.47091
4.86071
4.70894
3.70073
4.44161
4.44161
4.78775
4.78775
4.78775
4.86938
4.50715
4.67298
4.04014
3.8039
4.87404
5.48059
6.19867
6.19867
6.18024
5.35035
5.82557
5.82557
5.82557
5.40763
5.71643
6.40895
6.40895
7.02237
6.19395
6.19395
6.19395
5.73664
5.86684
5.13022
4.27715
4.27715
5.2275
4.61409
4.67174
5.08058
4.79299
5.11371
4.53323
3.46615
3.82612
3.82612
2.79937
2.79937
2.79937
3.69503
4.11819
4.11819
4.11819
4.66951
4.66951
3.88941
2.78697
1.71595
1.71595
1.71595
2.11038
3.58749
3.58749
3.10985
3.10985
3.63827
3.66827
4.12549
2.73267
3.3033
4.25891
4.25891
4.45477
4.00722
4.49782
4.28823
3.69639
2.66336
2.39792
2.8641
2.8641
3.27027
3.11712
3.49708
4.01306
3.40492
3.40492
2.31034
2.41273
2.41273
2.75144
1.47369
1.47369
1.89943
3.05087
3.05087
2.44677
2.97242
3.23384
3.35526
4.08207
4.62936
4.38783
3.86436
2.84896
3.38667
4.23061
4.70101
4.37289
4.37289
5.51546
5.25325
5.25325
4.89975
4.90024
5.71474
5.98585
5.54496
4.32235
4.43715
5.60274
6.20938
6.20938
6.94754
6.58365
7.50368
8.04978
8.04978
7.96928
6.70316
5.55882
4.71949
4.71949
4.28272
4.28272
4.28272
4.32434
4.32434
4.71283
4.71283
4.93813
4.93813
5.13222
4.845
3.96191
3.87231
3.87231
3.75318
4.22996
4.56267
4.18474
3.07933
3.07933
3.42398
3.23229
2.14557
2.52098
3.00997
3.39585
3.96589
3.00763
4.1993
4.55025
4.81351
4.71844
4.36404
4.36404
4.36404
3.7488
3.198
2.91297
2.91297
2.49381
3.47254
2.19788
2.19788
2.38656
1.49702
2.2315
2.2315
2.68346
3.28022
2.96145
2.19409
1.64459
1.64459
2.00078
3.0916
3.59976
2.46738
2.40646
2.53074
2.53074
2.04982
2.38012
2.38012
2.4689
3.32799
3.69621
3.3977
3.3977
2.70864
2.1924
3.46027
3.46027
3.46027
2.89701
3.54573
4.39431
3.95095
3.24451
3.78057
4.38768
4.53293
5.17451
5.13137
5.13137
5.04336
4.96243
5.84193
5.84193
5.84193
6.30156
6.28121
6.06928
5.85235
6.12409
6.17567
5.28697
5.46305
5.46305
6.62106
6.20494
5.95077
6.76583
6.76583
6.09426
7.15098
7.15098
7.97298
7.05648
5.96305
5.96305
5.96305
4.46562
4.41746
5.1964
5.29083
5.86279
5.86279
4.81976
5.22001
5.94656
5.97627
5.37105
4.7428
5.04983
5.04983
5.64126
5.82434
6.34074
5.52313
4.54328
4.55967
4.7835
5.10483
5.41385
4.42826
4.97522
5.89736
5.89736
4.89834
4.22292
4.81193
6.02857
6.99421
5.72139
6.97922
8.00658
6.98781
5.69125
5.69125
5.69125
4.52453
3.83929
3.05985
3.43813
4.25459
2.95743
2.51103
1.93881
1.74643
1.77488
2.19479
2.19479
0.829642
0.829642
1.86399
2.87358
2.87358
2.62247
2.23275
2.60318
2.74637
3.88071
3.88071
4.62207
3.91238
3.86555
3.37646
3.37646
3.13601
4.12979
3.03268
3.91277
4.77038
4.77038
4.77038
4.45134
4.48804
4.72245
5.59155
5.49387
5.49387
5.786
5.786
6.51667
7.2974
7.02652
7.02652
6.89061
5.75553
5.28789
5.90977
5.98862
5.59929
5.59929
5.61478
5.54349
5.56773
5.12887
5.1652
4.20938
4.20938
3.81662
3.71632
3.71632
3.71632
3.95644
2.4214
2.08112
3.33854
4.82282
4.99192
5.76463
5.19833
4.55382
4.55382
4.55382
4.55382
4.55382
4.90467
5.09417
4.32108
4.25346
4.45389
5.15031
4.08546
4.08546
3.87969
2.91187
4.129
3.85135
2.77219
3.67641
3.18655
3.42373
4.10622
4.62903
5.89071
5.89071
5.89071
6.22942
6.22942
5.1502
5.1502
4.84421
5.17667
4.19159
4.19159
4.19159
4.19159
4.64018
4.64018
5.67447
5.67447
6.0432
6.38989
6.73217
6.73217
6.85619
6.87788
6.54129
7.33304
6.3958
6.4036
7.17592
7.16294
6.3993
7.615
7.615
7.615
6.23548
5.95547
5.87855
5.80389
5.12157
6.55267
6.83713
6.23177
6.23177
6.14767
4.58791
3.61306
2.31608
2.84646
4.28294
4.69812
4.80506
4.92347
4.92347
5.05644
5.32549
5.32549
5.38413
5.3512
6.47507
5.34853
4.78249
5.91039
4.61632
5.3459
5.76171
5.68422
6.12004
5.70875
5.48556
5.2311
6.03529
5.77518
5.48821
5.87887
5.35096
5.08703
5.28619
5.68183
5.66332
5.66332
4.35014
4.35014
4.51882
4.51882
4.985
5.93158
5.34441
6.70984
6.82284
6.10472
6.35466
6.68533
6.7333
7.2024
7.17251
5.84634
5.41759
4.95927
4.31153
3.79862
3.79862
3.79862
4.24066
3.50987
3.65146
3.99834
4.7846
4.26603
4.26603
4.26603
4.41454
3.9526
4.8855
3.51763
2.43047
2.24937
3.74392
2.63401
3.92544
3.10587
3.83074
3.02931
2.2642
1.98816
1.98816
1.86888
1.86888
2.4468
2.75956
2.75956
2.75956
2.38809
2.38809
2.9075
4.16322
3.30404
3.88401
4.65895
4.731
4.73536
4.73536
5.12213
5.69662
5.3777
5.3985
5.3985
5.3985
5.3985
5.3985
4.94829
4.38641
4.38641
5.17893
5.44009
5.42953
4.66401
5.83707
5.40874
4.96289
4.89968
4.89968
4.82452
5.85797
6.02647
5.81697
5.70987
6.65699
6.91906
6.21478
5.99999
5.99999
5.99999
6.96691
7.11936
6.31588
6.50574
6.50574
6.50574
6.50574
7.05327
6.68851
6.68851
7.60107
8.16791
8.95621
8.95621
7.15498
6.76632
6.47925
6.47925
5.99823
6.30637
5.45494
5.60215
5.20051
5.20051
5.20051
5.20051
6.1931
6.1931
5.21871
5.21871
3.68999
3.68999
3.68999
3.62623
4.88543
3.42929
3.42929
3.42929
3.42929
4.87122
4.6829
4.00262
4.00262
4.62672
4.60122
4.98405
3.96608
3.96608
3.64773
3.64773
3.73145
3.44378
3.44378
3.48179
2.82278
2.34363
2.34363
1.67639
1.52557
1.52557
2.12693
3.04925
3.51933
3.45455
4.25499
4.25499
4.25499
3.78902
2.57042
2.57042
2.47847
2.47847
2.18452
2.58406
3.3766
2.90159
3.64565
3.68326
3.4789
2.96939
2.15673
3.09022
3.26993
3.4964
2.9029
2.51447
3.05791
4.08662
4.2738
3.21021
3.21021
3.99762
3.39491
2.58502
2.01235
2.22504
2.49293
2.49293
2.6879
2.6879
2.6713
2.31943
2.31943
0.961753
2.42998
2.74424
2.74424
2.74424
2.74424
2.53236
2.53236
2.32249
2.46534
3.57448
4.64904
4.69265
4.54839
4.4548
3.94031
3.99257
4.53513
4.53513
4.53513
3.18861
1.99931
2.86866
2.93268
2.38272
3.69015
3.69909
3.364
3.65803
4.49808
4.54716
4.8074
3.62486
3.62486
3.62486
3.69124
2.88488
2.88488
1.85817
2.89507
4.12266
4.60358
5.43411
5.43411
6.17659
6.04343
4.98518
4.58661
4.58661
3.6043
4.15956
4.37847
4.74708
4.92206
4.63795
5.2467
5.41781
5.78355
6.10846
6.10846
6.4998
6.2392
5.96344
5.59866
5.70121
5.63035
5.58901
6.47503
5.67593
4.57702
4.06036
4.06036
4.78739
5.76188
6.06768
5.7622
5.93858
6.26466
6.81381
5.66029
4.72548
4.60093
5.12297
5.96501
6.34467
6.34467
5.28371
4.11539
4.19809
3.4918
4.40088
4.06736
3.39375
4.3213
4.83683
5.38734
5.2318
5.66112
4.41007
4.41007
4.65882
4.65882
5.09776
5.80085
5.55336
5.55336
5.08439
4.66794
4.60618
4.62537
5.23756
5.54052
5.84062
5.53867
5.58038
6.23409
6.4761
4.97131
4.4437
3.46851
3.46851
2.73825
1.90702
1.82501
1.82501
2.5917
2.5917
2.13185
3.50878
2.86982
2.86982
2.0218
2.0218
2.29304
1.61049
1.61049
1.96722
1.73933
1.74357
1.74701
1.83613
2.71229
3.06499
3.50361
3.67902
4.26811
4.26811
5.84325
4.30439
3.12057
3.23325
3.1949
3.1949
3.35611
4.03045
3.85289
3.24727
2.63524
2.63524
2.63524
1.71938
2.30638
3.00332
1.99561
2.85489
3.93273
3.66553
4.02669
4.24996
3.68001
2.99113
2.99113
2.99113
4.09156
3.19164
4.09092
4.09092
3.65071
4.33022
4.33022
5.29482
5.32604
4.91549
3.81178
3.03936
3.73061
3.73061
3.73061
3.73061
2.92086
2.92086
2.47909
2.47909
2.47909
3.02344
2.61877
1.73158
2.339
2.339
2.42667
2.42667
2.713
3.4442
4.04707
3.94867
3.85884
3.02397
3.17863
3.27836
4.33916
4.10138
4.10138
3.48133
4.1529
4.41941
5.36867
5.15121
4.72338
4.79242
3.81539
3.51929
3.80718
3.80718
3.80718
3.80718
3.91576
3.06856
2.5488
2.5488
1.93025
2.82712
2.82712
2.99654
2.9387
2.9387
2.9387
2.35455
2.35455
2.35455
2.5905
1.28441
2.37607
2.37607
3.36894
3.75935
3.91478
3.91478
4.09686
3.30066
3.30066
3.55388
3.24274
4.12733
4.28185
4.28185
4.82826
4.41879
4.68967
4.88603
3.993
4.53618
5.12229
5.18891
5.03014
5.35684
4.75693
4.43784
5.62951
4.36018
4.36018
4.31865
3.06027
3.06027
3.16786
2.59191
1.31012
1.97321
1.97321
1.97321
2.34575
2.917
2.15049
3.46992
4.44037
4.43501
4.30951
4.30951
3.99479
5.13381
6.22857
6.22857
5.54606
4.254
4.254
4.03577
3.64053
3.64053
2.77941
2.77941
3.69448
3.54613
2.572
2.572
2.572
2.25711
2.25711
2.25711
2.25711
2.25711
2.45891
3.10493
1.87055
3.17382
4.16582
3.90435
3.23506
4.26629
4.26629
3.77045
3.77045
3.79701
3.79701
2.32706
2.96312
3.33
3.87139
3.22702
3.96259
2.94822
2.94822
4.06761
4.98383
4.6757
3.88834
4.61697
4.81935
5.93615
5.21666
4.0893
5.23857
4.4992
5.52246
5.70183
4.60328
4.44878
4.79756
4.79756
4.29553
3.49114
4.05571
3.83391
2.79901
2.70619
1.46011
2.44703
1.4418
2.48826
1.58888
2.08997
2.08997
2.8706
2.81081
1.8103
2.56985
2.56985
2.56985
2.56985
3.17852
2.41041
3.26573
3.31311
2.07688
2.63199
3.58648
3.58648
3.58648
2.63603
2.63603
2.63603
3.63705
3.63705
4.89153
4.89153
5.00271
3.91071
2.77689
2.51689
3.21709
2.75136
2.75136
3.55939
3.54049
3.54049
2.90125
2.68565
1.94471
1.94471
1.94471
1.46347
2.88492
2.88492
3.77623
3.77623
4.04792
4.4331
4.41604
4.55576
4.37791
3.09888
4.36999
5.52565
5.43093
4.92451
5.83706
5.83706
5.33635
5.33635
4.23459
3.8955
3.8955
3.8955
3.98032
4.35718
5.15236
6.75602
6.82539
7.07159
6.73276
7.38654
7.38654
6.97996
7.15287
7.62442
7.19034
7.91925
6.85438
5.42103
4.82177
4.82223
4.11563
4.11563
4.15278
5.24895
5.43559
3.89642
3.71541
4.44785
3.74987
3.86196
3.86196
3.86196
3.2125
4.35071
4.12285
4.59233
4.11016
4.11016
4.79015
4.90537
4.85359
5.93408
5.32254
5.38858
6.75386
6.75386
6.75386
7.06064
7.13215
7.02255
7.02255
6.50607
6.45381
5.31296
4.18452
3.92925
2.57772
2.57772
2.64426
4.05312
4.3936
3.90563
4.33115
3.64093
3.46035
2.90389
2.47494
2.72427
1.66117
1.66117
1.66117
1.99382
1.84479
1.84479
1.76622
1.70434
2.23654
2.23654
2.23654
2.22626
2.22626
2.26084
2.36731
3.23444
3.23444
3.23444
3.50139
4.22926
4.67889
4.52372
4.52372
5.16403
5.2926
5.2926
5.18384
5.30391
5.09974
3.60024
5.02205
4.43943
4.43943
4.5981
4.49241
4.97117
4.97117
4.39652
3.46867
3.15962
2.26185
3.17498
2.35738
2.35738
2.35738
2.35738
2.35738
2.31008
2.31008
2.31008
3.14224
3.36975
3.89508
4.35461
4.62218
5.089
4.19664
4.50349
4.50349
4.91519
5.33309
5.33309
4.90736
5.57425
6.278
7.38633
8.39275
8.9071
8.4759
8.4759
7.93496
8.69838
8.98067
9.54156
9.54156
10.6246
10.725
10.5363
10.4624
9.53129
8.9623
8.63633
8.76656
9.11588
9.11588
10.0601
10.0601
11.2766
11.2046
9.89871
9.77953
10.2911
9.17301
9.17301
8.95034
8.91354
8.34402
9.18728
8.24414
8.22788
9.22687
10.0169
10.0169
9.21941
8.95269
9.31911
9.20587
9.44652
9.17903
9.46721
8.72182
7.95627
7.28525
7.28525
7.02421
7.4526
7.4526
7.41331
6.79511
6.1958
6.1958
6.1958
5.3834
5.67197
5.67197
4.9435
4.44445
4.44445
3.3121
2.77991
2.27463
3.02885
2.91129
3.08454
3.29711
2.97367
2.71575
1.94667
1.94667
1.94667
2.03294
2.03294
3.04818
3.04818
2.84518
3.01258
3.01258
3.43806
3.51468
3.51468
3.03507
3.53342
3.53342
3.36803
3.01523
3.74234
4.06883
4.43833
4.43833
3.26703
3.26703
3.26703
3.5252
3.5252
4.41755
3.48227
2.39423
3.60143
2.37386
2.37386
2.11114
2.11114
3.02611
3.02611
4.34672
5.03809
5.20433
4.36944
4.54098
4.03418
4.41865
3.32609
3.07976
2.15183
2.15183
2.64389
2.64389
2.64389
2.27088
1.82859
2.83284
2.94065
4.2551
4.72658
4.80453
4.40621
4.62806
4.22406
4.27373
4.27853
4.27853
5.17714
4.80511
4.41005
4.85812
4.85812
4.79477
4.19519
4.19519
4.81327
4.59009
4.7428
4.7428
4.1381
3.58957
3.61075
3.29349
3.29349
2.73818
2.73818
1.93359
1.93359
1.93359
2.58833
3.03789
3.03789
4.13391
3.82471
3.25355
3.32574
4.48001
4.19847
4.30457
4.30457
4.3423
4.95658
4.75896
5.30149
4.79909
3.56103
4.58798
5.62634
5.24939
5.56508
5.56508
5.03155
5.03155
4.61327
4.61327
4.61327
5.2057
5.57793
5.53264
6.49168
6.49835
6.31044
6.43406
5.37375
4.71735
5.37177
5.04041
5.43123
4.71856
4.71856
4.17688
3.7737
3.80519
4.4751
5.20555
5.67743
5.64557
5.94014
5.77612
5.55124
5.55124
5.50661
5.42889
5.01056
5.01056
5.53821
5.92832
6.01916
6.04023
5.70987
5.70987
5.12246
4.43535
3.36768
2.3618
2.3618
2.3618
2.3618
2.3618
1.90377
1.90377
1.9171
3.59547
3.59547
3.78537
4.30585
5.04993
4.1151
4.23218
3.94363
3.78351
4.39711
4.93797
4.93797
5.0734
4.41107
4.90127
5.14972
5.14972
5.84229
5.84229
5.50183
6.26141
5.44532
4.37189
4.37189
3.93371
3.93371
4.70477
4.2362
4.2362
3.65805
4.14684
3.31873
3.24165
3.65374
4.12718
5.20963
5.20963
5.14082
4.1166
4.73463
4.73463
5.36513
5.05457
5.32821
6.40154
5.40797
5.65277
6.12887
5.9462
5.49367
5.78941
5.94744
5.30565
6.24799
6.9631
6.04746
5.81768
6.626
6.93424
7.41718
8.43206
8.43206
8.33034
8.33034
7.17169
6.75062
6.39453
5.72987
5.06069
4.98823
6.02182
6.02182
6.00311
4.82941
5.52908
5.28417
4.73911
4.73911
5.53324
5.53324
5.53324
5.79371
5.13562
5.13562
5.13848
4.31429
4.34793
4.93485
4.7356
5.31356
5.42777
5.01645
5.01645
4.74656
3.32642
4.41738
3.9104
3.9104
3.76977
3.86396
3.86396
3.9644
4.7806
4.7806
5.10527
5.44945
5.63948
6.06385
7.06711
7.31367
6.6289
5.94555
5.46811
5.85339
5.56226
5.50593
5.29548
4.3359
4.05768
3.20973
2.89438
2.89438
3.90189
5.16501
5.29303
5.79907
5.16324
5.16324
4.2409
4.2409
2.84964
3.26815
3.26815
3.26377
4.04457
3.20389
3.99348
4.7477
5.07879
4.01963
4.2544
4.2544
4.73069
5.22734
4.33518
4.43528
4.79845
4.61444
4.67736
6.00591
5.5388
5.21708
4.95352
4.95352
3.57939
3.80397
3.80397
3.75688
4.41304
4.06769
4.67245
5.40411
4.34235
5.01966
5.01966
6.47252
6.07833
6.20225
7.36905
7.36905
7.67689
6.39213
5.16858
5.3069
5.34896
5.0583
5.82756
5.55114
5.55114
6.13081
7.03056
7.82102
8.38798
7.20054
7.22408
7.06427
7.3368
7.3368
6.66394
6.94954
6.13878
5.97621
5.97621
6.0043
5.57283
4.24219
3.11992
2.50112
3.15178
2.79288
2.61222
2.81063
3.3851
3.32726
4.28174
3.87225
3.43401
2.53731
2.53731
3.24096
2.96919
2.96919
2.96919
3.53607
2.85077
1.66565
1.23111
1.23111
2.18805
2.18805
2.18805
2.73954
2.70945
2.70945
3.80993
2.93799
3.57967
3.84649
3.40935
3.84909
4.6895
5.384
5.43401
4.17193
4.30359
4.30359
4.03847
3.63991
2.80715
1.92697
1.37201
1.44061
1.44061
2.29323
2.29323
2.88001
3.24598
4.29809
3.57888
3.27767
2.51929
2.51929
3.32098
3.8815
4.61329
3.82581
3.82581
3.71757
3.85176
2.91743
2.91743
3.09479
1.8834
2.4362
2.71108
3.01949
3.96217
3.99169
5.10966
5.10966
5.31406
5.48021
6.29199
6.51737
5.2654
5.2654
5.20207
5.637
4.63711
4.04895
4.61843
4.61843
4.74727
4.02158
3.13921
2.3321
2.3321
1.27954
2.12986
2.27073
2.42213
2.42213
1.99589
2.01665
1.34389
1.55611
1.55611
1.55611
1.19548
1.08187
2.29024
2.32522
2.69056
3.05672
2.56611
1.60874
2.28381
1.92956
2.43038
3.07716
3.06276
3.08099
3.0697
4.11808
4.24867
4.24867
4.16862
5.31512
5.31512
3.70876
2.99898
3.43637
3.23309
3.23309
3.55473
3.55473
2.99104
2.99104
3.22504
3.22504
4.06146
5.04722
4.9524
5.18483
4.34418
3.4638
3.14619
4.39103
5.84538
5.84538
5.62099
5.37224
5.05676
5.18325
4.66692
4.66692
5.71973
5.39446
5.39446
5.39446
5.58429
4.96044
5.92898
5.92898
5.92898
5.75894
6.5005
5.52861
5.52861
5.44804
4.32666
4.12293
3.73166
4.74651
3.9486
3.9486
2.91395
2.74455
2.74455
2.8008
3.6734
3.53137
3.53137
3.53137
