1.31964
1.31964
1.19448
1.19448
1.19448
0.532534
0.532534
1.30862
1.91712
1.21786
1.60526
1.60526
1.60526
2.19375
3.35552
2.84423
2.84423
2.84423
2.71439
2.09474
2.09474
2.09474
2.09474
2.90408
2.66901
2.66901
2.8103
3.03677
3.15184
2.36541
2.36541
1.36439
0.643097
1.20644
1.55806
1.32472
1.32472
1.03573
1.36168
2.05015
1.4718
1.4718
2.31226
3.53829
3.53829
3.53829
3.53829
3.53829
4.44278
4.15856
4.85168
4.47366
5.03146
4.56821
4.20481
4.20481
3.67328
3.67328
3.67328
3.40185
3.61259
3.17164
3.83919
3.83919
3.53645
3.37681
3.94814
4.10685
3.70616
3.35992
3.58815
2.90014
2.90014
2.90014
2.90014
2.90014
3.49879
3.13649
3.09619
3.05268
2.62049
2.41947
2.41947
1.41897
1.41897
1.41897
1.41897
1.39566
1.85262
1.83387
1.83387
2.12926
2.62445
1.47101
0.969556
1.93209
1.93209
2.04471
2.00557
2.6301
2.6301
2.6301
3.45935
3.28292
3.28292
3.30623
3.72018
3.20805
2.77072
2.14118
3.00296
3.00296
2.68647
2.17198
2.17198
2.18705
2.34458
2.40523
2.40523
2.29756
1.31044
1.88019
1.88019
1.88019
1.56283
2.09398
1.10621
1.76089
1.76089
3.29014
3.29014
3.49276
2.25013
3.2856
3.88049
4.205
5.07098
4.75402
4.60165
4.28573
4.10204
4.10204
4.58365
5.26192
5.15744
4.86549
3.94125
4.08012
4.3817
3.35601
2.67048
3.15673
3.4734
4.48389
4.81116
4.25447
5.5892
5.68251
5.68251
4.55134
4.55134
4.15611
4.54513
3.85078
4.3539
4.23082
3.10444
3.10444
3.10444
3.10444
3.10444
3.41724
3.07566
3.73081
3.73081
3.97253
2.84496
2.84496
2.84496
2.84496
3.55951
2.46533
2.46533
2.03815
2.03815
2.03815
2.03815
2.03815
2.34489
2.05224
2.15942
2.15942
2.50168
2.50168
2.54036
2.655
2.63211
2.63211
3.05238
2.09371
2.74855
4.05349
4.2607
4.2607
3.72728
2.70088
2.70088
2.37146
2.29962
2.66191
3.38748
3.1563
2.02253
3.06119
2.38993
2.38993
2.38993
3.52429
4.38937
3.84531
3.84531
3.84531
3.47417
3.12878
3.12878
3.12878
2.70817
2.92889
3.10826
3.10826
3.23556
3.23556
2.86373
3.06945
4.35888
3.41254
3.02
3.02
2.63217
1.69855
1.69855
1.69855
1.69855
1.87782
1.81351
1.44577
1.44577
1.44577
2.20264
2.29151
3.27709
3.27709
4.22308
5.23301
5.58118
5.58118
4.58264
4.43456
5.49158
5.84553
5.4642
6.2562
6.63132
7.43909
7.4331
6.54517
6.5643
7.69784
7.69784
7.56181
7.68518
7.0961
6.63465
5.62653
6.78426
6.30516
7.45854
6.45629
5.38195
4.40306
5.01683
5.32217
5.32217
5.32217
5.75183
5.0728
4.62819
4.61502
4.83066
4.51521
3.8654
3.86509
3.86509
3.24239
3.78975
3.12029
3.12029
4.22626
3.64768
3.22548
3.41541
3.41541
2.87823
4.0751
3.72251
4.04255
3.8392
4.05265
4.36294
5.14749
5.10657
5.76725
5.76725
6.07113
6.56753
7.58623
7.9174
8.89691
8.88952
8.28919
7.63007
7.63007
7.01654
6.83813
6.16816
6.76745
7.9543
7.9543
7.9543
7.91812
6.97681
6.44134
5.83102
5.40569
5.8692
6.4862
5.6366
5.15048
6.24919
6.28503
6.62668
6.0718
6.10408
4.88201
3.96743
5.09669
6.42184
6.42184
6.42184
6.20305
6.20305
6.20305
6.20305
6.37671
6.06232
6.06232
7.11077
6.95989
6.04977
6.262
6.262
5.73385
6.33343
5.55259
4.57629
5.04503
4.92273
4.93488
3.96717
3.96717
3.33248
2.33125
2.73011
2.66147
2.41961
2.14736
2.14736
2.14736
2.14736
2.14736
2.01652
2.01652
2.01652
2.01652
2.93583
3.1401
3.1401
3.1401
2.85854
2.85854
2.85854
3.24479
2.56931
2.56931
2.96188
1.78447
1.78447
1.78447
3.30545
3.83913
4.16415
4.18803
4.18252
2.97734
3.51265
3.51265
2.99435
4.17107
4.17107
4.99135
4.99135
3.96092
3.33544
4.16232
3.03842
3.03842
2.02904
3.10123
2.51663
2.71186
2.95524
2.97852
2.97852
2.82685
3.78213
4.2857
4.84148
6.47775
7.36574
7.36574
6.70016
6.44974
7.72198
7.74184
8.13398
7.74529
6.78717
6.78717
5.27546
4.20512
4.22036
4.06505
3.98098
4.77014
4.8402
4.8402
5.03141
6.32748
6.18631
6.18631
7.33693
6.33311
5.29852
6.19131
6.95249
5.75521
6.5538
5.76523
5.57673
6.90495
6.07176
5.78824
6.57834
7.87968
7.87968
7.69387
7.59267
7.59267
8.21115
8.12138
6.86447
7.19112
7.19112
7.39152
7.1988
7.66405
7.82471
7.49702
6.65455
6.65455
7.0354
7.09114
7.23424
7.42795
7.53727
7.25234
8.33811
8.24982
8.52269
9.90485
9.23181
9.48471
10.0816
10.2613
10.2613
9.70893
8.90938
8.90938
8.20313
8.14899
8.56878
8.38371
8.38371
7.71167
7.71167
7.55348
7.55348
7.63835
7.91458
7.91458
7.91458
7.30669
8.06375
7.85205
8.5086
9.4783
8.637
7.55951
7.66207
7.91031
7.91031
8.13114
6.94923
6.4721
6.66391
6.63889
6.01219
5.89767
5.89767
6.20052
7.08052
7.08052
7.71256
8.46249
8.50898
8.2163
7.19187
7.036
5.85298
5.85298
5.93287
5.93287
5.93287
5.93287
6.39866
6.59383
7.32377
7.67153
7.67153
8.0685
8.0685
8.0685
8.39374
7.57732
7.97812
8.46927
8.75473
8.26078
8.11877
8.11877
7.92125
7.70118
8.09702
7.55328
7.55328
7.28181
7.3931
7.3931
6.38672
5.62967
5.62967
6.00013
6.00013
6.84383
6.73051
6.26963
7.52836
6.78347
6.27084
6.27084
5.54632
5.47426
4.3885
3.60368
3.19229
3.19229
3.12522
2.66533
2.31415
2.9596
2.9596
2.29345
2.77601
2.55223
2.55223
2.45957
3.66403
3.70494
4.38889
3.1033
3.1033
2.38441
3.62087
3.05758
3.71647
3.5476
3.5476
3.31427
2.48088
3.06484
3.65004
4.40904
3.22097
3.25537
2.36907
1.6898
3.22119
3.35233
3.39256
3.39457
3.02696
2.89698
2.84273
2.11494
2.18792
2.18792
1.9992
1.16406
1.89193
2.72421
2.84792
2.97339
2.97339
3.61632
3.27219
3.27219
4.15621
4.84841
4.07276
3.14157
3.14157
4.01841
3.27161
1.82894
0.949679
1.46526
1.7411
1.7411
1.0612
1.353
2.1036
2.43583
2.28741
2.28741
1.14574
0.570133
1.51586
1.51586
1.6772
0.807245
1.57189
1.57189
2.09857
2.09857
1.16726
1.42127
3.23353
3.91635
3.91635
3.27023
2.9936
3.68889
3.73463
2.83163
1.97547
2.69783
3.04772
3.29378
2.61469
1.83115
2.49871
2.83984
2.83984
2.43134
2.82677
4.02488
4.96796
4.24679
3.25895
3.05043
3.19907
2.4105
2.20993
2.81662
2.42413
2.54568
3.17348
3.77983
3.6002
4.42267
4.60088
3.85658
4.08121
3.96933
3.96933
3.96933
3.96933
5.02946
4.63213
3.65668
4.09891
3.673
4.38395
5.36473
5.66495
5.70613
5.70613
6.6423
6.27938
6.35105
5.6162
4.10361
4.41846
4.41846
3.21785
3.5785
3.361
4.13372
4.40434
5.7665
4.72719
3.37681
3.35181
2.5872
3.02622
3.63453
3.7406
4.30637
5.02675
5.8482
6.76026
6.76026
6.67559
6.93954
5.77253
7.10624
6.7543
6.7543
8.00174
8.00174
8.00174
8.11983
9.4678
9.42143
10.0579
10.1003
11.1121
10.8854
10.6452
9.15255
8.21512
7.33901
8.09909
8.09909
7.25879
7.42152
6.83002
7.45245
7.20222
6.7385
7.22428
8.08439
8.29029
8.94802
8.13196
6.45769
7.76181
7.93442
9.18187
9.18187
9.18187
9.34912
9.88579
8.66992
9.64577
9.37592
9.82835
9.82326
9.59148
9.8542
8.91673
8.91673
9.69921
9.69921
10.8279
11.6626
11.4272
11.4272
11.2278
10.4977
10.4977
11.0054
11.0712
11.3276
10.2077
10.2077
9.9591
9.52119
8.76073
8.63303
8.14546
8.61661
7.2054
6.92589
7.31161
6.8927
7.59043
7.22125
6.67901
7.34194
8.08814
7.8677
7.8677
7.8677
7.2894
7.10296
6.81807
5.9104
6.47606
5.24472
5.43288
5.43288
5.03794
4.4345
4.79669
3.98317
3.91178
4.22402
4.49533
4.34844
4.01077
3.43268
3.7682
3.7682
2.96334
3.64449
3.64449
2.64365
2.44774
2.80008
3.82094
2.7758
2.7758
3.54995
3.82256
4.25485
4.80398
4.80398
5.26092
4.92703
4.92703
4.86244
4.86244
4.86244
5.60634
5.56177
6.01765
5.46828
5.07074
4.52636
5.21868
5.21868
5.65052
6.49811
5.85362
5.27845
6.49936
6.33611
5.7213
5.14035
5.52748
5.52748
5.52748
6.45242
6.45242
6.54584
5.73354
5.67951
5.46327
5.89042
5.75366
5.54248
5.98276
5.09575
5.39539
4.99731
5.90242
6.87275
6.87275
7.64236
7.64236
7.8772
6.74801
5.83856
5.83856
7.04624
7.32985
7.8177
8.68681
8.68681
8.54667
9.30631
9.0558
9.55549
10.532
11.1672
12.1557
11.861
12.1583
12.1583
11.8883
10.6474
9.61344
10.074
9.90214
9.04755
9.35956
9.35956
8.42215
8.18038
7.33319
6.26219
5.32548
5.32548
5.32548
5.1329
5.1329
5.99732
4.52429
4.52429
5.19719
4.9952
4.9952
3.98642
4.74564
3.86611
3.81345
3.52403
4.38261
4.2986
3.25983
3.02994
3.22193
2.24391
2.24391
1.7938
1.75114
2.21975
3.26988
2.74557
2.74557
3.06719
3.27062
4.1908
4.1908
4.45065
4.45065
4.57135
4.23308
4.23308
3.55766
3.54796
3.54796
3.54796
3.30932
2.89346
2.89346
1.86273
1.86273
1.57067
2.26708
3.1025
3.64594
2.91921
2.91921
2.91921
2.91921
3.56204
3.56204
3.78424
2.86991
2.86991
2.86991
2.86991
3.39216
4.30203
3.29274
3.76543
3.76543
3.85611
3.42279
3.9786
3.9786
3.9786
4.94115
4.75741
5.21152
5.21152
5.35992
5.39197
6.33549
6.97491
7.13828
7.23455
7.3394
6.45607
6.45607
7.14666
6.68585
7.8122
7.91296
8.24414
7.29474
7.29474
6.85897
6.55225
6.48804
5.90968
5.62323
5.14115
6.56224
6.43137
6.72101
6.3931
7.52762
7.94338
8.55437
8.85706
8.85706
8.02663
9.17585
8.28583
8.47024
8.47024
9.67123
9.67123
9.76501
9.76501
9.96836
9.83303
8.97109
8.87873
8.77821
8.77821
9.19583
9.19583
9.74462
9.40038
7.99715
8.48892
6.99749
6.67877
5.98682
4.90358
5.75958
5.03382
5.46554
4.99221
5.31071
4.53732
4.53732
4.8926
5.57812
5.57812
5.57812
5.57812
6.61742
6.61742
7.47972
7.3114
7.21013
7.83457
6.46992
7.41569
7.07808
6.52612
6.89633
6.89633
7.7358
7.7707
7.52595
8.42715
9.04351
9.23263
9.23263
8.86339
7.8151
7.70872
7.70872
7.70872
7.83259
6.74953
7.00617
6.28909
6.05853
5.91387
5.53396
5.03424
5.5956
4.41906
4.38185
4.36319
4.36319
4.36319
3.66388
2.74504
2.70537
2.75237
1.98587
1.14457
2.56952
2.56952
2.56952
2.38364
2.92243
3.73377
3.6563
4.58808
4.66909
3.89616
3.96427
4.21195
4.41911
4.63254
4.3064
3.04637
4.22763
4.22763
4.47909
5.20131
4.43129
4.43129
4.43129
4.18101
4.18101
4.65193
4.20246
4.20246
4.20246
4.84071
4.65345
3.96238
4.92301
4.28032
4.1537
4.5729
3.71604
3.1513
1.98365
2.1157
2.10674
1.561
1.561
2.92459
2.4828
2.48047
2.48047
3.42912
3.32245
2.96577
2.96577
2.60872
3.02511
3.02511
3.3297
3.3297
3.30682
3.30682
3.30682
3.30682
3.50165
3.50165
3.71336
4.8962
4.39934
5.41543
5.81134
5.49554
5.55228
4.54283
5.54098
6.59511
6.70793
5.55445
5.73599
6.25637
5.41918
5.43167
6.32611
6.32611
4.90487
3.9122
4.12017
4.22841
2.77105
3.19854
2.53712
2.96712
2.96712
3.82476
4.62847
4.62847
4.56666
4.00374
4.6382
3.72109
4.18154
5.05493
4.55721
3.61723
4.77681
4.80707
4.36039
4.36039
4.36039
4.27718
4.27718
4.27718
4.62882
4.62882
4.34303
2.96958
3.61236
3.97559
4.90173
4.90173
5.46166
4.42311
4.86145
4.32459
5.09829
5.09829
4.40589
3.17548
3.17548
2.3112
2.27309
2.52411
2.79718
1.6176
1.18073
1.29929
1.29929
2.17042
2.10914
1.18179
1.44623
2.48418
2.30653
1.75963
1.75963
2.33688
2.42441
2.19033
3.50864
4.0293
4.27024
3.84605
3.84605
3.84605
2.95831
2.43184
2.20634
2.61855
2.61855
3.62797
3.5735
2.40793
2.67492
3.06428
3.2481
3.96416
3.44068
3.44068
4.33049
4.74042
5.58728
5.10661
4.31175
4.31175
4.31175
4.31175
4.31175
3.70001
3.00739
3.00739
3.71569
3.71569
3.71569
3.64407
3.16605
3.93091
3.13688
4.68759
4.25052
3.73713
3.72846
3.72846
4.82595
5.30496
6.25497
5.50042
6.07058
6.20924
6.82016
5.89642
5.77238
5.77238
4.79134
3.49724
3.59259
3.95001
3.95001
3.97287
3.51672
2.86815
3.27957
3.27957
2.11273
2.11273
2.76875
2.76875
3.15677
3.45577
3.91435
3.91435
3.58037
2.79418
2.79418
2.52964
2.52964
2.52964
2.91259
2.72502
3.36686
3.42708
3.33863
3.33863
3.33863
2.46044
3.21089
2.73841
2.73841
2.96878
3.41599
3.97026
3.97026
3.65692
3.34307
3.68405
3.1059
3.1059
3.85044
3.76786
3.76786
3.34556
3.81075
4.67528
4.0023
4.0023
3.89189
2.61529
2.61529
2.33597
2.59435
2.87506
2.92169
3.2263
3.2263
3.75294
3.75294
4.04579
4.04579
4.15621
4.31833
3.44222
4.51303
4.81407
4.20728
5.21231
5.21231
4.20054
4.84718
4.84718
5.43343
4.5409
4.29262
4.29262
4.1023
4.25786
4.25786
3.47614
3.81317
3.81317
4.75775
4.92071
5.43461
5.37444
5.83553
5.49734
4.26403
5.64481
5.38198
5.21635
6.16085
5.82987
5.3867
5.9496
5.26234
5.26234
4.43816
4.43816
4.43816
4.56868
4.56868
4.56868
4.77728
5.21817
4.80278
4.80278
6.0907
6.47218
6.61159
6.61159
6.4509
7.12696
5.75291
5.23969
5.23969
5.23969
4.12655
4.12655
4.16934
4.16934
4.70935
4.70935
5.53113
5.53113
5.40355
6.01157
7.59982
7.40747
7.52765
7.52765
7.81266
7.57844
7.31195
6.67045
5.80714
6.47149
5.84327
6.10803
5.67805
5.67805
5.19173
6.75621
6.75621
6.18553
5.51034
6.41598
6.41598
6.42544
6.81493
7.00279
7.00279
6.86967
6.44075
6.1375
5.2808
5.60682
5.60682
6.30764
6.80089
5.9443
5.10792
4.108
4.96371
3.95837
4.59906
4.12136
3.96812
4.83668
4.88063
4.30853
4.30853
5.91438
6.34532
7.04477
7.04477
7.04477
6.47512
6.47512
7.30778
7.30778
7.46175
7.46175
7.46175
7.34671
6.61773
6.45305
6.07456
6.35103
6.35103
5.37379
6.35797
6.21032
6.46913
6.46373
5.39568
5.39568
4.80309
4.80309
4.97304
4.97304
5.54445
4.79115
4.69279
5.08473
5.2716
4.57998
4.57998
4.74206
4.74206
4.14526
4.22853
5.38407
6.17543
6.74362
5.55638
5.55638
5.87813
5.87813
5.05998
5.05998
5.08901
5.08901
5.08901
5.08901
4.30884
4.30884
4.9362
4.24143
5.01848
4.72693
4.85478
5.88906
4.09839
4.38511
3.93299
3.77062
3.76609
3.10283
2.80196
3.06083
2.64404
2.84783
2.93384
3.04893
3.20018
3.52054
3.62634
3.62634
4.05187
3.58997
4.0264
4.93498
4.93498
6.12151
6.10907
5.4373
5.76796
5.76796
6.12873
7.09908
7.16277
6.36936
5.34244
5.34244
4.20613
3.79453
3.50963
2.90835
2.90835
2.28018
1.84566
0.997525
1.33883
1.33883
1.33883
1.33883
1.33883
2.01191
2.11309
2.12646
1.5296
1.5296
1.5296
1.5296
1.5296
1.5296
1.4166
1.4166
1.4166
1.4166
1.4166
1.49416
2.69159
3.17624
4.03119
3.88793
2.59836
2.7056
2.7056
2.18314
2.18314
2.55732
1.56339
1.56339
1.55776
1.55776
1.55776
2.06007
1.94081
1.94081
2.85243
2.6082
2.37775
2.37775
2.25858
2.15887
2.20335
2.98157
3.16442
4.17416
3.86861
4.98388
4.67334
5.2805
5.59794
5.66852
5.95393
5.19418
5.19418
4.95538
4.46769
4.00449
3.94922
3.60359
2.60734
1.52232
1.89467
1.78976
1.78976
2.79923
1.6314
1.6314
0.858416
1.20014
1.62996
2.00817
2.14831
2.46183
2.46183
2.61659
2.25521
1.37642
1.16205
2.06284
2.20212
3.47586
3.2623
2.59466
2.59466
2.69671
1.75569
1.75569
2.48393
1.91414
1.07528
2.20402
2.20402
1.28364
1.7611
1.7611
1.7611
1.81394
1.1529
2.66864
3.21987
3.21987
4.57075
4.3019
4.3019
3.50079
3.50079
3.50079
3.8519
4.59563
3.9607
4.20978
4.714
3.94282
4.1607
3.96667
3.96667
3.70893
3.70893
3.70893
3.72935
3.97765
3.15604
3.14868
3.14868
3.14868
3.14868
2.50318
2.50318
3.22255
3.43648
3.43648
2.91305
2.46701
3.48704
3.02653
3.02653
3.15506
3.15506
2.76027
2.35099
2.35099
2.35099
3.48277
3.48277
4.35664
3.6155
4.55923
4.77883
4.77883
4.23702
4.83594
5.36107
5.41535
5.34761
4.98561
4.15818
4.90766
4.7435
4.93362
4.38798
4.17362
3.86529
2.99084
2.80827
3.46929
3.46929
3.5131
3.6592
3.82972
3.68026
3.68026
2.71355
2.71355
3.32196
3.05871
3.05871
3.65828
3.65828
3.71735
3.71735
2.92809
2.92809
2.92809
2.07377
2.07377
2.1907
3.32117
3.01258
3.28337
3.57737
3.40825
3.40825
3.40825
3.88396
3.88396
3.5739
2.90689
2.90689
3.30577
2.87797
2.86885
3.59859
4.5193
4.29982
4.90598
4.58211
4.4339
4.4339
3.42343
2.42552
2.42552
2.42552
2.81677
2.88863
2.73042
2.73042
2.0303
1.96495
2.15958
2.15958
2.87247
3.62558
3.79102
3.56638
3.56638
4.25465
4.25465
4.25465
3.9552
3.55094
3.31704
3.31704
4.33496
4.28397
4.75684
5.74331
6.14731
5.07201
4.92077
3.77574
4.25276
4.25276
3.10696
2.8329
2.8329
2.77824
3.1005
2.47189
3.54059
4.34382
4.34382
3.99472
3.45883
3.15383
3.38663
3.59225
3.59225
3.78526
3.78526
3.10173
4.08367
4.58745
3.71773
3.71773
3.98316
4.29281
5.11211
4.99528
4.21291
5.39671
4.55892
3.89943
5.03957
4.92903
4.92903
4.75173
4.24543
3.2797
3.89372
2.82872
3.17637
3.17637
2.7662
3.68021
3.19885
4.00388
4.39936
4.48903
4.21114
3.18144
3.18144
2.84916
2.84916
1.37999
1.37999
1.61074
1.61074
2.78586
3.68163
3.72283
3.72283
3.72283
3.32429
3.37672
3.12668
2.89715
2.89715
3.48259
4.09123
3.59975
3.59975
3.02611
3.02611
3.45415
3.60936
4.00814
3.66238
3.66238
3.58282
3.72131
3.72131
3.72131
3.4247
2.33375
2.33375
1.66468
1.66468
2.86797
1.79328
2.88543
4.27738
4.24895
5.21202
4.45442
3.55295
4.49955
4.90223
4.90223
4.93635
5.562
5.562
4.76672
5.58459
5.12304
5.20627
4.96328
4.80743
4.63196
4.39647
5.39304
5.87372
6.01015
4.61912
4.43596
5.19241
4.87368
5.29795
4.78072
4.78072
5.02414
4.95018
4.50893
5.33917
5.779
5.779
5.48052
5.06675
5.06675
5.06675
3.66682
2.78893
1.40354
1.16046
2.02712
2.43375
3.26292
2.55681
2.71482
2.71482
3.66444
3.66444
3.14397
3.44474
3.44474
2.2054
2.2054
2.35153
1.96096
1.96096
1.96096
2.579
1.95112
1.95112
1.59461
2.73978
2.04714
1.46268
1.23691
1.23691
1.23691
1.90252
2.12158
1.13398
1.82697
1.82697
1.82697
2.93684
2.19437
3.10375
2.48565
1.54128
2.46679
2.55782
2.55782
2.80054
2.64292
2.64292
2.7194
2.7194
3.70422
3.46733
3.46733
4.07934
3.56446
2.9756
3.19798
2.47129
2.47129
2.1269
2.1269
2.97297
2.78125
3.01924
2.71801
2.06599
2.67896
2.82179
2.77808
2.51177
2.51177
2.30458
2.30458
2.30458
2.2072
2.42624
1.88002
2.27852
3.28651
3.90814
3.90814
4.06545
4.94898
4.94898
4.67727
3.94703
3.43633
4.03843
3.90527
4.23724
4.59685
3.9585
3.9585
3.9585
4.46748
4.46748
4.01807
4.01807
4.01846
4.34872
3.65926
3.65926
3.65926
3.65926
3.65926
3.83318
3.83318
3.91414
2.71005
2.97843
2.72082
2.72082
2.77198
2.798
2.70439
3.14797
3.14797
3.71234
3.18152
4.0008
4.00035
3.76539
3.81627
3.13829
3.27455
2.75232
2.75232
2.75232
1.50886
1.50886
2.33606
3.45539
2.72813
2.47039
2.60394
1.86879
1.17779
2.21217
2.21217
2.21217
3.32266
2.50144
2.45397
3.66294
4.45831
5.58581
5.69255
6.39266
5.90138
5.90138
5.99955
6.30616
5.88595
5.95459
5.46241
5.54915
4.82297
4.41603
4.90758
5.01029
5.01029
5.01029
4.81778
5.22644
4.71803
4.80846
4.80846
4.48394
4.3737
4.48746
4.09424
4.09424
4.09424
5.7401
6.13572
6.13572
6.42359
7.30893
6.13744
6.13744
6.81461
7.5594
7.5594
7.29657
6.87644
6.95228
8.56425
8.56425
7.19778
7.10448
7.10448
7.10448
5.75645
5.72819
6.10869
5.39322
5.60531
5.60531
5.86075
5.21364
5.61834
4.48497
4.48497
4.24
4.44472
5.07994
4.26028
4.26028
4.85193
3.52642
3.59918
3.59918
4.05866
3.79488
2.62909
3.656
2.94585
2.62228
2.15995
2.10419
1.51028
0.667121
0.667121
1.80147
2.90129
2.78284
2.91757
2.91757
4.53304
5.38411
6.15698
6.15698
6.886
7.16172
7.16172
7.16172
7.26416
7.26416
7.26416
7.41405
7.41405
7.41405
7.41405
7.41405
7.5037
8.17262
8.17262
8.21834
7.42305
7.61621
6.48007
6.48007
6.69973
5.9514
5.9514
5.9514
5.9514
6.0369
6.60574
6.60574
6.4521
7.1247
7.39289
7.8048
8.39482
8.39482
8.4709
7.73198
6.84255
6.84255
7.82896
7.64623
6.61142
6.61142
5.77024
5.19417
4.58443
5.9313
6.64439
6.18739
6.40288
6.32021
5.7381
5.82385
5.82943
5.82943
5.82943
4.94551
4.9953
5.39297
4.8411
4.8411
4.8411
4.8597
4.6796
4.71345
5.20562
4.09847
3.20626
2.10869
2.10869
3.15265
3.15265
3.74959
4.30949
4.21445
4.34794
4.34794
4.50472
4.72418
4.63047
5.57849
5.74798
6.28661
5.04263
4.61779
4.54258
5.45003
6.53013
6.06861
6.2623
6.40204
5.2442
4.95433
5.54926
5.30251
5.30251
4.30908
3.57015
3.07484
3.53932
4.68331
5.5644
6.38055
7.57397
8.67488
8.70273
9.23413
9.07689
8.46565
8.68722
9.19663
9.17063
9.17063
8.1339
7.88304
7.88304
7.56665
7.74441
7.26271
7.08992
7.08992
7.73744
8.24829
7.99116
7.18158
7.66218
6.60457
6.72618
5.98904
5.98904
5.68837
5.53245
5.39375
4.49872
4.49872
4.40219
4.52623
5.03305
4.52169
4.98946
5.76865
4.48376
4.48376
4.99513
5.76916
5.56478
5.44984
5.00042
4.05943
4.55033
4.85859
4.19048
4.19048
4.64203
4.64203
4.61171
4.75036
4.23022
4.76831
5.31139
5.41581
5.41581
6.66344
6.91037
6.27489
6.6056
6.6056
6.20963
7.42828
7.77006
7.77006
8.43587
7.66616
8.02322
8.33259
7.71785
8.63429
8.6504
7.63421
7.11689
7.2289
8.91872
9.05743
8.05011
8.05011
7.49901
8.05081
8.51705
8.51705
7.25379
6.52438
7.27387
7.72988
7.16528
7.16528
6.96704
6.96704
6.96704
6.43559
7.30719
6.69654
6.5269
6.44208
7.25838
6.64699
6.45914
5.94754
4.47239
5.49282
5.49282
5.49282
5.02091
5.67192
5.0108
5.0108
4.55823
4.79588
4.79588
5.05995
5.05995
4.60487
4.60487
4.26259
5.67664
5.67664
5.87135
5.72776
5.72776
5.55064
5.55064
5.44196
5.68517
5.68517
5.32377
5.37557
5.37557
5.40662
5.40662
5.66924
5.66924
5.59888
5.14623
5.50963
4.97034
4.39275
4.66646
4.66646
4.66646
3.62727
3.62727
4.18006
3.15818
3.15818
3.15818
3.15818
3.13925
3.13925
3.13925
2.45969
1.45519
1.45519
1.45519
2.32432
2.32432
3.33499
3.30882
3.74767
3.14223
2.40922
2.47236
2.42181
2.42181
2.42181
2.42181
2.86356
2.04262
2.04262
2.88581
3.85517
2.5143
2.5143
2.5143
2.13641
2.57338
2.00152
2.90198
3.30583
2.72458
3.60633
4.12779
2.94838
3.33313
1.74429
2.52157
2.51819
2.39221
3.07353
1.8199
2.13412
2.21729
2.21729
2.82347
2.31678
2.31678
3.14595
2.86526
2.52292
2.58341
3.5107
3.66429
3.27322
3.61059
3.61059
3.12989
3.12989
3.57006
4.41475
5.58082
5.93467
6.34531
5.64966
5.16919
4.65245
4.02327
4.82913
4.47716
3.19947
3.67539
3.38902
3.50884
3.97661
3.97661
2.98795
2.98795
2.55203
1.18763
1.81706
1.77695
2.57272
1.33202
2.19875
1.86273
1.90604
2.12623
2.12623
3.31386
2.73466
2.73466
2.96222
2.77089
2.63428
2.92505
3.12078
3.82582
2.46762
3.66821
3.55954
3.77019
3.35827
3.84974
3.84974
5.14629
5.14629
5.45522
5.51176
5.51176
5.51176
5.3778
4.46375
4.46375
3.29107
3.29107
3.03289
3.03289
2.92984
2.92984
2.92984
3.5615
3.5615
3.05297
2.85664
2.49751
2.02305
2.02305
2.02305
0.928112
1.96858
1.96858
2.43385
3.23424
3.09822
3.13436
3.53835
3.18545
3.5535
3.21471
2.43975
3.37988
3.06112
3.93114
2.84184
4.42974
4.42974
4.00266
3.92077
3.44639
4.09331
4.1081
4.4919
4.00726
2.84603
2.35313
2.53679
3.42836
3.00796
3.9191
4.18089
4.67155
3.69125
2.99686
2.99686
2.99686
2.99686
2.99686
2.12429
1.61599
2.05355
2.05355
2.94128
2.04013
1.38919
1.26353
2.33509
2.32199
2.15779
2.15779
2.12614
3.41032
2.99693
2.99693
3.05902
3.05902
2.35811
1.26187
1.26187
1.48979
1.96445
1.96445
1.96445
1.86833
1.86833
1.85422
3.35748
3.35748
3.3347
3.1777
2.94295
3.8242
3.86877
3.4312
3.4312
3.4312
4.08354
3.63818
3.66166
4.31628
3.75822
3.7766
4.63249
5.32713
5.7315
6.16809
5.85605
6.10825
6.85643
7.24737
6.28941
4.68159
4.49942
5.25289
4.41331
4.41331
4.13241
4.13241
4.06619
4.06619
5.08593
6.33127
5.59178
6.42515
5.6514
4.7078
4.7078
4.7078
3.61677
4.07157
4.07157
3.14004
3.14004
2.83246
4.09637
3.92854
2.49947
3.94143
4.09236
4.44278
4.44278
4.04716
3.37825
3.16238
3.41418
2.25809
2.8419
3.40296
3.40296
3.30698
2.77603
2.38396
2.55232
3.0383
3.10978
4.31202
3.91912
2.52842
2.28315
2.28315
2.58409
4.10012
4.48507
4.32358
4.40397
5.16376
5.16376
4.57635
4.48682
3.84479
3.6593
4.44222
4.0406
3.67994
3.69003
4.06849
4.54634
3.66432
3.66432
4.16799
4.16799
4.69009
3.80507
3.08
3.81554
3.39917
3.51461
3.51461
3.1481
4.14153
4.14153
5.37801
5.98816
6.27639
5.9482
5.40242
5.19054
4.77994
4.57908
5.3523
5.41708
4.97764
4.30291
4.30291
4.30291
3.68213
3.68213
3.00546
2.76632
2.7512
1.61041
1.61041
1.61041
1.24433
1.6475
1.6475
2.87523
2.33372
2.33372
3.69684
3.31183
3.3357
3.72214
3.72214
3.2345
3.93706
3.93706
5.04058
4.30964
4.15694
3.87532
4.02907
3.52895
2.26892
2.65771
1.83348
0.59049
2.08805
2.77027
2.77027
3.38925
3.38925
2.95756
2.54102
3.18252
3.31282
3.31282
3.31282
3.31282
3.31282
1.86981
3.09853
3.09853
1.94141
2.77336
3.00488
3.00488
3.38631
3.40061
3.40061
3.0019
3.2685
2.98662
2.98662
2.94347
2.35924
3.60418
3.0846
2.68489
1.75291
1.75291
1.68206
1.85253
1.30615
2.74182
2.50505
2.50505
3.80752
3.34192
2.91095
2.34611
1.5173
2.34782
2.34782
2.92853
3.81563
3.30184
3.56023
4.36539
3.75623
3.75623
3.75623
3.75623
3.27048
3.66638
4.56678
4.48578
4.01613
4.57538
4.57538
4.57538
4.51124
3.89291
3.13826
3.13826
4.29235
3.62627
3.7639
2.97878
3.54528
4.13487
4.13487
4.13487
4.30844
3.54166
3.80137
3.36813
3.35124
4.37069
3.21988
2.6281
2.16981
2.16981
1.70488
2.84454
2.84454
1.92976
1.92976
1.92976
1.92976
1.92976
1.92976
1.92976
1.92976
1.27172
2.00761
2.5575
2.50554
2.50554
2.97241
3.36996
2.45432
2.74326
2.74326
3.28906
2.84243
2.47692
2.47692
2.4563
2.4563
3.44412
2.67421
3.08225
2.43198
3.61925
3.66576
3.66576
4.32574
5.55583
5.55583
5.4363
4.8977
5.26161
4.9562
4.9562
4.49674
4.49674
4.27962
3.6004
2.45528
2.45528
3.38979
3.37326
3.96854
4.03507
4.748
4.748
3.9183
4.02579
4.02579
4.02579
3.64614
3.2654
3.2654
3.2654
2.4327
1.4945
1.4945
1.4945
1.4945
3.09357
4.41628
4.51646
4.31829
4.31829
4.37746
5.58402
5.79993
5.82519
5.82519
6.05158
6.61442
6.75475
7.91161
8.16478
6.71252
6.71252
7.73504
6.89325
7.25675
7.45376
8.09184
8.64314
9.30288
9.83261
9.83261
9.24148
9.24148
8.33709
7.85529
7.79088
7.79088
7.83831
7.76087
7.76087
8.11095
8.04323
8.04323
8.04323
7.93257
7.60275
7.60275
7.64977
8.44918
8.44918
7.13089
7.27221
6.18861
6.18861
6.14787
6.75876
6.4246
5.84996
6.39089
6.6029
7.74407
6.6687
7.09564
7.72479
8.00993
7.66458
7.76919
8.8697
9.76563
9.76563
9.73251
9.3698
9.38724
9.38724
9.26253
10.0897
9.63838
10.2326
9.98692
9.98692
9.04403
9.20933
9.59185
10.4398
10.0683
11.1275
11.1061
10.0386
9.00303
8.08807
7.79927
6.91899
6.91899
7.90187
7.09687
7.85175
7.21618
6.86345
6.23014
7.07541
7.70447
6.73631
7.8651
7.54622
7.86884
6.49817
6.49817
6.21287
5.3136
5.3136
5.30955
5.08016
5.08016
4.7879
4.80846
5.00617
4.73307
4.20856
4.01739
4.01739
4.13204
4.03967
4.8133
4.8133
4.50373
4.50373
4.50373
3.77156
3.01779
3.01779
2.17175
2.89215
2.89215
3.43038
3.52423
3.163
3.58013
4.38442
3.58622
3.58622
2.64495
2.58644
2.717
2.92221
2.61349
3.20765
3.20765
2.28142
3.38581
3.86463
3.86463
3.07645
2.60643
1.81553
1.95046
2.67015
2.67015
2.67015
2.77199
3.01223
3.13823
2.83376
2.83376
3.20104
2.22557
2.04538
2.04538
2.04538
2.04538
2.36836
2.36836
1.69792
0.94135
1.62556
1.22133
1.22133
1.9604
2.06343
3.41611
3.41611
2.24207
2.3627
2.22702
2.80732
2.40355
2.98054
2.43688
2.68772
3.53424
3.39064
3.39064
3.39064
3.08367
3.18124
3.02259
1.80964
2.68982
1.53413
1.53413
1.70104
2.44874
3.09532
2.95203
2.11067
2.60896
1.77421
1.81206
2.99202
2.99202
2.99202
2.37672
2.37672
2.61647
2.61647
2.61647
2.73889
2.73889
3.42285
2.08461
2.08461
2.08461
2.32265
1.94375
2.48844
2.35544
2.39176
2.39176
3.92193
2.54549
2.88914
2.03534
2.87303
3.11061
3.11061
3.26386
3.26386
3.26386
2.9249
3.60913
4.47732
4.75344
5.05293
5.05293
4.47626
3.68797
4.12476
4.12476
5.43817
4.91055
3.95505
2.92625
4.03345
5.36508
4.99522
4.18698
4.18698
4.33434
5.35988
5.63179
5.63179
5.63179
5.01932
4.90977
3.94241
4.68691
3.82794
3.82794
4.17796
4.91142
4.65333
4.65333
4.86844
4.86844
5.7408
4.99017
4.25575
4.25575
3.59602
4.60784
4.60784
4.60784
5.40781
5.42098
6.66218
6.78344
7.37646
7.37646
7.37646
7.37646
7.65962
7.18072
7.71803
6.96917
6.89306
7.25446
7.38313
7.75385
8.40402
8.39195
9.14801
9.85723
10.6575
10.2816
10.07
9.12374
7.80583
8.43768
6.76542
6.76542
5.8997
5.93941
6.64027
6.46703
6.46703
5.34687
6.08296
5.02203
5.76777
6.34481
7.40057
8.32364
8.32364
7.43471
6.76646
7.64974
7.64974
8.37586
7.00386
7.02329
6.12305
5.76825
6.58599
6.41996
6.9041
6.26206
5.80422
5.19204
4.52177
4.54937
4.01075
3.48781
4.4414
4.28762
5.24244
5.34003
5.62626
4.15407
3.98645
3.89724
3.89724
4.46421
4.85761
4.69098
4.69098
4.69098
5.57235
5.57235
4.7356
4.7356
3.52326
4.23402
4.13903
3.00782
2.5162
1.80873
2.12206
2.02022
3.14465
2.94413
2.70108
2.70108
2.70108
1.96192
1.02863
1.02863
2.30031
2.30031
2.30031
1.53587
2.19504
2.19504
2.77097
2.77097
2.77097
1.98809
1.49843
2.59413
3.70955
4.18137
4.00713
4.06565
4.53873
3.36102
3.15258
2.16993
2.83913
2.77068
2.77068
2.13639
2.13639
2.1342
2.1342
2.50298
1.99079
1.6818
2.5587
1.88793
1.88793
2.95859
3.94855
4.21357
4.20168
4.746
4.746
4.36045
4.25083
4.25083
3.65363
2.8271
3.24955
3.19777
4.15487
3.30866
3.18177
2.63914
2.25435
2.25435
2.82254
2.19534
1.79046
1.79046
1.79046
1.79046
1.51598
2.13972
3.08349
3.08349
2.55296
2.96754
2.96754
2.98329
3.57006
3.45431
3.3458
3.4335
3.4335
3.63731
4.43104
3.5839
3.43417
3.54427
3.50207
2.90682
2.63675
2.72555
3.10421
2.32269
2.2963
2.2963
3.055
2.84065
4.31432
4.96026
3.97233
3.48965
3.7372
3.33473
3.97264
3.09239
3.09239
3.09239
3.09239
3.50422
3.50422
3.50422
3.50422
3.06687
3.06687
3.97927
4.67923
3.76399
4.22064
3.00049
2.9286
1.84814
2.85088
3.10715
3.10715
3.68959
3.68959
4.86373
4.72747
4.72747
5.87423
5.82216
5.69662
6.48507
6.58353
6.09792
6.09792
6.09792
6.09792
4.83643
5.05243
4.23918
4.23918
4.60539
4.04094
4.08122
3.63728
4.52129
4.52868
4.57233
4.30378
3.78171
3.96857
4.02473
3.69592
4.24071
3.8529
4.68838
5.6164
6.30939
6.60104
7.87066
7.38091
7.38091
8.13333
8.13333
7.17798
7.17798
6.03471
5.67373
5.67373
5.67373
4.54243
4.71268
4.71268
4.43059
4.43059
5.40476
4.69006
4.86226
4.98974
4.65366
4.8165
5.40011
5.40011
5.40787
5.26195
4.52551
5.05162
5.05162
4.413
4.58867
5.49035
5.75759
6.4403
5.93704
6.52992
5.8178
4.98305
5.42597
6.99228
6.99228
5.79649
4.71496
4.5602
4.34789
4.33991
4.91419
4.91419
5.51283
5.77124
5.7323
5.7323
5.7323
5.37773
5.51281
4.78734
5.50493
5.87241
5.87241
5.87241
6.58641
6.58641
6.32784
7.19816
8.00561
8.09802
8.09802
8.65575
8.80237
7.76276
9.15338
9.05691
8.4044
8.4044
8.54065
7.67428
6.2776
6.54246
5.94373
5.87316
5.87316
5.87316
5.87316
5.82993
4.82058
5.31795
5.32156
4.55256
5.06874
5.48711
5.89349
5.79924
6.41579
6.64529
6.64529
7.02457
6.83476
6.83476
7.26927
6.29525
5.88905
5.49772
6.33373
6.36088
5.43149
5.01448
5.92649
4.6854
5.27519
5.27519
5.27519
5.71192
6.31326
6.92765
7.22751
7.81255
7.24163
8.60429
8.65573
8.495
8.04245
7.5522
7.57952
7.04565
7.04565
6.25555
6.17502
5.7564
5.44944
5.44944
4.91001
3.96381
3.96381
4.33186
4.10426
4.38522
4.75641
4.75641
4.93152
4.93152
3.63091
4.38488
5.22332
5.22332
5.86083
6.13449
5.38526
4.38647
3.72707
4.50354
3.98141
3.98141
3.25597
3.81548
4.41483
4.41483
5.38162
4.2246
3.69562
4.27223
3.12329
2.44096
1.64162
1.64162
2.36127
1.74668
1.74668
2.11565
2.11565
2.90958
2.95025
3.54329
3.95795
3.72706
4.11861
4.19134
4.89115
5.79936
5.79936
6.63701
6.39994
6.27217
6.59059
7.67344
7.67344
7.54314
6.30683
5.23795
6.48026
6.45271
6.00539
6.00539
5.23618
4.38688
5.5626
5.5626
6.41516
5.52634
4.17432
4.81485
4.3549
3.83916
3.62333
3.62333
4.30537
3.5391
2.11455
2.11455
2.11455
2.11455
2.11455
3.33419
4.292
3.99552
2.87628
2.87628
2.5358
2.30605
2.87316
2.91878
2.91878
2.7225
3.03268
4.11522
4.75664
5.43706
4.55905
4.19892
5.12129
5.65389
7.33171
6.75344
7.12122
6.68575
6.68575
7.05
7.0251
7.24754
7.24754
7.85888
8.61515
7.84244
7.84244
7.54028
7.54028
7.54028
7.54028
7.32023
7.49298
7.00205
6.34321
7.22529
8.08561
7.15424
7.26394
7.26039
6.91692
8.12502
8.95127
8.93345
8.75398
9.02857
9.21039
9.03785
7.62961
8.40643
8.36325
8.69747
8.54955
8.56657
8.015
8.015
8.28919
7.99509
8.35198
8.77108
9.54439
8.4165
7.68417
7.68417
7.68417
8.52602
7.59671
7.26913
7.1033
7.34845
7.28344
7.63756
6.85962
7.53678
6.72653
6.72653
7.92643
7.92643
7.12029
6.0995
6.03567
5.84842
4.90651
5.69836
4.76616
4.0208
3.22944
4.35245
4.32676
4.28532
3.57986
4.26113
3.53623
4.17862
3.36238
3.31199
3.31199
2.99431
2.99431
2.88137
3.05335
3.97355
3.97355
2.88911
3.4243
4.11734
3.86161
3.37425
3.97597
3.72474
3.24125
2.69756
1.49728
1.49728
1.1273
2.27891
2.92649
2.14728
3.10614
3.72365
3.72365
3.32817
2.41373
2.41373
1.98324
2.68745
4.22292
4.2312
4.28901
2.95643
3.7402
3.81491
2.93385
3.56594
3.56594
3.96497
3.33215
3.57284
3.30459
2.38625
1.90193
1.90193
1.90193
1.90193
2.25114
2.07728
2.83886
2.35609
3.18509
2.75956
3.12245
3.39833
3.28311
2.9248
2.9053
2.9053
3.06084
3.06084
2.44627
2.44627
2.42864
3.58689
4.38353
4.79761
4.71499
4.38664
4.38664
4.38664
4.28531
4.2438
3.70703
3.93477
3.93477
3.53002
2.01319
2.56256
2.38618
1.83665
2.01904
2.64591
2.64591
4.09524
4.09524
4.71836
3.98387
3.93998
4.30697
3.62495
3.08245
4.22036
5.2279
5.2279
6.43527
6.6306
6.36296
6.55097
7.24183
8.2495
8.2495
8.2495
8.55943
8.55943
9.79248
10.0093
8.79445
8.79445
8.16749
7.75951
7.50665
6.27102
6.27102
6.95734
5.7201
4.62581
4.62581
4.57145
4.43968
5.36349
5.50661
5.50661
5.44457
6.15148
6.50712
7.13049
8.04015
8.04015
7.41706
6.47748
7.28542
7.28542
7.80067
7.04397
5.90067
5.90067
6.159
5.97578
6.36975
5.89086
5.9599
5.50687
6.68583
6.68583
7.23157
6.71179
5.29422
4.95698
4.95698
5.16552
5.29375
5.29375
5.04348
5.04348
3.62904
3.84752
4.87443
4.42267
3.27007
4.30298
4.42813
4.42813
5.0076
5.83528
6.59157
5.86933
6.1581
6.1581
6.1581
5.99238
5.99238
5.99238
5.93921
5.43814
4.81526
4.81526
5.19492
5.66077
5.39904
5.98854
5.98854
5.98854
5.81897
5.81897
6.37023
5.9943
5.53974
4.53379
4.14518
4.3583
3.33327
3.33327
2.90295
3.55497
2.82847
2.82847
2.82847
2.82847
1.60128
1.59508
1.59508
1.7227
1.7227
2.21588
1.81658
1.77594
0.540463
1.31782
1.31782
1.31782
2.52554
2.60516
3.70382
4.36759
4.36759
5.61674
6.56066
6.0955
5.98435
5.98435
6.78126
5.75131
5.75131
5.75131
5.75131
5.84623
4.30318
4.30318
3.262
3.46928
4.38668
5.48911
5.08991
5.37849
5.37849
6.12071
6.12071
7.36305
7.26126
6.46259
6.46259
6.46259
7.22978
7.32758
7.32758
7.26082
7.08458
7.08458
7.06277
7.2166
7.03271
7.10811
7.10599
6.4261
6.4261
7.00233
7.50534
7.79199
6.49193
6.87437
5.90122
5.06417
4.18295
4.18295
4.9677
5.89016
5.08932
5.08932
5.08932
5.08932
5.08932
5.27282
3.88503
3.88503
3.89169
3.89169
4.54923
4.12775
5.1144
5.86568
5.96957
5.96957
5.96957
5.96957
7.4033
6.36604
6.36604
6.36604
5.8704
5.8704
5.8704
6.50706
6.44148
6.39656
6.44309
6.44309
5.65697
5.65697
5.22754
5.22754
6.10278
6.51679
6.51679
6.34949
7.03705
7.03705
5.5916
4.38687
4.38687
5.12969
4.34934
4.69963
4.69343
5.43365
6.70031
5.49503
5.94559
5.7905
5.59127
5.59127
5.59127
5.19487
5.12105
4.52494
4.52494
5.23743
5.23743
4.28519
4.43338
3.76939
4.18236
4.29942
4.29942
3.47345
2.76838
3.75213
4.23435
3.90948
4.05201
4.94677
4.76056
4.12426
4.12426
4.38324
4.38324
4.78871
4.34809
3.97536
3.28156
3.96454
3.96454
3.35915
3.40328
3.99456
3.99456
2.7435
2.14131
1.14631
1.14631
1.14631
1.7686
1.78553
1.78553
1.78553
2.4538
2.4538
3.06952
3.06952
3.60078
2.56797
2.6021
2.48932
1.64205
1.67443
1.67443
3.0388
3.0388
3.0388
3.0388
3.0388
2.16669
2.93348
2.93348
2.83472
3.20845
2.45527
2.16765
2.16765
3.11925
3.11925
4.17509
4.17509
4.82474
4.82474
4.82984
5.1721
4.65561
4.65561
4.65561
3.76099
3.83896
4.52415
4.52415
4.52415
3.81437
3.54981
2.9912
4.43151
4.43151
4.17517
4.10502
4.10502
3.39301
2.56693
2.31826
2.31826
3.28039
2.12606
3.26084
3.26084
2.73407
2.04087
2.04087
3.14095
3.99392
2.83387
3.45582
3.45582
4.28265
3.39898
2.68017
2.68017
2.61995
2.65998
3.44183
3.73807
3.76242
3.20781
3.20781
3.48402
3.47502
3.90116
4.63885
4.63885
5.8878
7.03006
6.65346
6.47705
5.38033
5.79533
6.15503
5.48688
5.48688
6.4176
6.40911
6.40911
6.30132
6.5266
7.05741
6.24706
5.77806
6.32726
5.75775
6.11094
6.11094
5.34917
4.58049
5.25899
5.03752
6.1086
6.1086
4.89138
4.89138
4.94049
4.81248
3.33101
3.33101
3.78834
3.78834
4.27987
4.27987
3.64805
4.66511
4.44449
4.44449
4.91228
4.97683
4.97683
4.81209
5.23107
5.23107
5.23107
4.9327
4.73242
4.84845
4.37667
4.29875
3.11596
3.45687
3.45687
2.23841
2.23841
1.91889
2.86669
2.62
2.62
2.62
3.94921
3.94921
3.94921
3.97266
3.67503
5.37256
6.15117
6.30116
6.30116
6.58041
6.58041
6.1735
6.27167
6.27167
6.27167
5.43586
5.6531
6.01791
5.38809
4.57964
5.01306
5.21998
5.58394
5.58126
5.64276
5.91315
6.35805
5.72512
5.93895
5.93895
4.85126
4.45271
4.45271
4.45271
3.61458
4.14274
3.73354
2.39649
2.39649
2.88663
2.88663
3.30186
3.61683
2.90947
2.90947
3.98491
3.44885
3.39515
3.54634
2.82861
3.90585
3.48826
3.17799
3.26231
3.40315
3.40315
2.74509
2.74509
2.74509
3.07997
3.07997
2.43843
3.1605
4.38426
4.38426
3.27528
4.49596
5.53361
6.19086
7.19651
6.30834
6.30786
6.30786
5.59895
5.93243
4.74666
4.74666
4.56589
3.81584
3.20207
2.99616
4.28646
4.28646
3.84126
3.30111
2.57429
1.59413
2.04254
1.72745
1.72681
1.70912
2.04654
1.79925
1.08661
1.08661
1.97327
3.4356
3.87596
3.50702
3.50702
3.50702
3.63875
3.63875
2.20169
2.71035
2.60737
2.6419
3.37919
4.52333
3.61486
4.37708
4.37708
4.41765
3.49418
2.43232
1.86697
3.06941
3.23911
3.8355
3.66377
2.91364
2.91364
2.91364
4.27433
4.27433
3.60014
4.26413
4.28636
4.09533
4.9179
6.1802
5.79665
5.77486
5.88225
6.12992
6.24512
7.00515
7.13117
6.28283
6.11852
5.51047
4.49127
4.18877
3.34446
3.20035
3.35468
4.31997
3.24113
3.76897
4.43413
3.62139
3.90128
3.90128
3.49236
2.40968
2.40968
2.53027
1.54046
1.54046
1.54046
1.54046
1.54046
1.54046
2.2412
2.2412
2.31769
2.31769
1.44069
2.34452
3.09724
3.8144
3.82502
2.97754
2.96844
2.77318
2.53269
2.25217
1.54136
2.06802
2.06802
1.55875
1.7011
1.7011
1.7011
0.685706
2.03344
2.05845
2.49227
2.86842
2.17579
2.17579
2.17579
2.66891
2.66891
1.51691
1.51691
1.51691
1.51691
2.44369
1.01663
1.97765
2.40783
1.56859
1.56859
1.56859
1.56859
2.85081
3.73452
3.27034
3.27034
4.16171
4.16171
4.16171
4.16171
4.20252
4.20252
4.0972
3.71553
2.91684
3.59026
2.36763
2.36763
2.36763
2.22835
2.22835
2.64251
2.64251
3.54847
3.54847
4.38907
4.97772
4.97772
4.97772
5.02694
5.02694
5.02694
4.38301
4.19314
3.66788
4.63161
5.51648
5.27544
4.89219
5.33759
4.81163
4.53837
3.49856
2.76735
2.76735
3.81946
3.04683
2.24638
2.17999
3.0171
2.87901
3.3782
3.3782
2.52427
2.52427
2.7607
3.17223
3.6954
3.6954
2.26929
2.26929
2.68254
2.52305
2.52305
2.52305
2.27502
1.55269
1.84644
1.18771
1.18771
1.18771
1.37321
1.37321
1.37321
1.37321
2.1966
2.1966
1.53685
2.66335
3.28926
3.09344
3.19002
3.95869
4.3657
4.3657
3.19212
3.19212
3.19212
2.88172
3.1158
3.82554
4.99766
5.21645
5.21645
5.51695
5.40678
6.4376
5.65202
4.32841
3.31022
3.31022
2.20483
1.13723
1.76086
1.76086
1.76086
1.76086
1.76086
2.12485
2.12622
2.16261
3.13588
3.00273
3.09034
3.35357
3.65193
4.76159
6.20752
4.99321
4.16458
3.99843
4.77526
4.85142
4.85142
4.12916
4.06187
3.31207
3.78712
4.11725
4.11725
4.74675
4.40853
3.83634
2.41837
3.52697
3.98036
3.98036
3.85093
3.68395
3.97789
3.97789
3.97789
2.96485
1.63031
2.30143
2.56729
3.33046
3.33046
3.82158
3.82158
4.87713
5.18206
4.8644
4.8644
3.89807
4.1697
3.54864
4.27252
3.59309
2.78944
2.03186
2.41368
2.30466
2.30466
2.30466
3.06913
3.06913
1.78911
1.61353
1.01589
1.4137
1.44087
2.61236
1.58345
1.58345
2.29733
1.18367
1.18367
1.18367
2.17828
3.3731
4.41783
3.94783
2.67311
3.15172
3.15172
3.3756
3.3756
3.27385
3.30007
4.06741
4.06741
3.54746
4.61144
4.85728
5.26997
5.26997
5.59564
5.73591
6.11742
6.33267
6.37594
6.37594
6.24054
6.24054
5.88381
5.88381
5.88381
5.88381
6.561
6.51239
6.77584
6.77584
7.46138
7.46138
7.46138
7.46138
7.21727
7.21727
8.07381
7.45
8.02544
8.72667
7.65405
7.5952
8.48281
8.24511
8.14858
8.64632
7.96704
7.96704
8.36035
8.06296
8.70118
8.70118
8.70118
8.6088
9.04582
9.22688
8.59416
8.59416
7.98049
7.99402
7.99402
6.71464
5.74705
5.91346
6.09934
5.414
6.10571
5.89778
6.32543
6.14002
6.14002
6.14002
6.14002
6.14002
6.41067
5.99398
5.56235
4.95476
4.95476
4.95476
4.95476
4.95476
4.32053
3.9384
4.63187
4.26661
5.83547
6.27673
5.59168
5.21334
6.66459
5.9937
5.9937
6.50394
5.36932
4.78114
4.69709
4.69709
3.97735
4.2819
5.51057
6.57518
6.03819
6.03819
6.03819
5.88047
5.25711
5.51143
5.51143
5.56406
5.63466
5.60659
5.29443
5.18897
5.29861
6.3672
6.3672
5.74805
5.71632
6.8858
6.67585
6.41397
5.6942
6.95451
6.95451
6.17675
5.5702
5.29066
4.74142
5.05011
6.10751
6.10751
6.04629
6.04629
5.44256
4.40774
4.23415
3.41575
3.41575
3.41575
3.50596
3.40772
3.1114
3.1114
2.8019
2.8019
3.80414
3.13809
2.83497
2.77957
2.34817
3.39355
3.39355
3.39355
3.0299
3.29247
3.29247
3.29247
4.56946
4.66106
4.10153
3.14583
3.84974
3.84974
3.70298
2.86708
3.0688
2.3939
2.2959
1.88508
2.3394
2.90051
2.89163
2.89163
3.13378
2.62322
3.37259
3.37259
2.51354
3.06397
3.77819
3.77819
2.61487
2.61487
2.80882
3.65409
3.48769
3.48769
3.23482
3.13753
2.21082
3.55064
2.78799
3.80317
4.46072
4.12256
4.85597
5.50888
5.74101
5.95507
5.95827
5.95975
4.85854
5.33427
5.86702
5.86702
5.90717
6.00881
4.76881
4.76881
4.0249
4.0249
4.93957
4.71085
4.97043
4.42181
4.42181
4.91348
5.19732
5.22476
5.22476
5.22476
6.65025
7.2041
6.51367
7.50026
7.25823
7.31321
7.31321
6.73061
6.73061
7.01371
8.28979
8.33788
9.16688
8.72192
8.43794
8.26381
7.78279
8.23155
7.16689
7.37197
6.16306
6.16306
6.15197
6.5104
7.38431
7.38431
7.25219
7.30819
7.60759
8.98124
9.2533
8.43125
9.33974
9.33974
8.24228
8.24228
8.59083
8.66249
8.66249
9.19644
8.97906
8.60744
8.60744
8.60744
8.60744
8.60744
7.55805
8.18853
7.10571
7.80947
7.68996
7.94263
7.24147
6.74879
5.9996
5.4789
4.88528
4.51349
3.83893
3.74392
4.18251
4.35914
5.83811
6.39425
7.27583
5.57472
6.0694
5.72365
4.58473
5.03762
4.86065
5.1027
5.88957
5.12553
5.28175
5.15488
5.15488
5.15488
5.91622
6.29122
7.09865
6.53568
5.97469
6.61137
6.61137
6.88598
5.89147
5.38428
5.41744
5.8978
4.9168
6.03897
5.38142
4.97769
3.8124
3.8124
4.25604
3.67798
3.67798
3.74098
3.74098
3.74098
4.98463
4.98463
4.98463
4.12289
3.01416
3.46033
3.15015
4.18509
4.0902
4.2836
4.41116
4.41116
3.68914
3.71141
3.83898
3.36951
3.36951
3.97248
4.22157
3.31576
3.31576
3.31576
3.47165
3.1942
2.82993
4.32874
4.64645
4.64645
4.95118
5.35724
4.63376
5.18244
5.71073
5.56721
5.98313
5.76233
5.79572
6.09442
4.96443
4.96443
5.1363
4.87484
5.00101
5.00101
4.0434
2.55417
1.57449
1.57449
1.57449
2.59727
2.84013
2.80345
3.17381
2.38385
2.26961
2.55643
2.04083
1.76793
2.39711
2.73647
2.7789
2.22605
2.22605
2.22605
2.54026
2.43318
2.3709
2.32329
2.32329
2.32329
2.28516
3.09056
2.20038
1.42205
1.94081
1.91817
2.37205
2.37205
3.4603
3.83185
3.39668
2.98527
2.94524
3.75466
3.11291
3.11291
3.11291
2.83943
3.0422
3.0422
3.85283
3.76445
4.181
5.08764
3.38682
3.20597
3.20849
3.63809
3.79754
4.5468
3.44287
4.37848
5.30957
5.70037
5.25882
4.28813
4.28813
4.77436
4.3283
3.93222
4.58795
4.58533
4.58533
4.58533
4.58533
4.85864
5.20727
5.23055
5.23055
5.23055
4.9269
4.9269
4.62944
4.29606
3.50877
4.25242
4.21225
5.17291
5.88389
5.40729
5.40729
5.64051
5.64051
4.72694
4.59666
5.42759
5.42759
5.42759
5.64826
5.17171
6.14823
6.27401
5.35141
5.05557
6.06373
5.39411
5.04983
5.04983
3.69635
3.69635
3.94415
3.7273
3.41412
2.71993
2.75811
3.64182
4.9186
4.5316
3.54853
2.51745
2.80751
3.53714
3.53714
3.16559
3.16559
3.92008
3.26141
3.72135
3.55904
3.55904
3.3514
3.14181
4.02944
5.08249
5.08249
5.08249
4.30007
4.30007
5.41263
5.34366
4.74852
4.74852
5.0244
5.0244
5.64052
5.72206
4.8616
4.50321
4.50321
3.64407
3.77663
4.28753
4.28753
3.76205
4.10885
4.48102
3.8655
3.52595
2.88819
2.88406
3.41453
2.07186
2.26484
1.75324
1.25415
1.60437
1.88628
2.95415
2.95415
2.97229
3.81851
4.09476
4.55754
4.37108
4.42588
4.60124
4.20928
4.67582
5.22416
5.22416
5.29978
5.72322
5.78812
5.85435
5.85435
6.15682
5.3781
4.76851
4.17485
4.09597
3.94935
2.81308
3.48529
2.31233
3.03303
3.82381
3.5524
4.89797
4.47726
3.75524
4.43862
3.65
3.46519
3.7576
3.7576
3.7576
4.25143
4.25143
4.25143
3.23266
3.23266
3.23266
2.04807
2.73004
2.91128
2.91128
2.83935
2.0547
3.47256
2.08904
1.75381
2.50891
1.78313
2.51862
1.91742
2.50007
3.29435
3.29435
3.29435
3.01465
2.04478
2.04478
1.67643
2.49645
2.73617
2.73617
1.43196
1.52784
1.52784
1.52784
1.96224
1.96224
1.73009
2.69273
3.15547
3.22612
3.22612
4.16071
3.93472
3.9148
4.46179
4.79926
4.79926
5.00882
6.07261
5.88518
5.88518
6.77049
6.77049
6.25353
6.20281
5.4864
5.51043
5.51043
6.08815
5.76954
5.17599
5.16304
5.76359
4.77206
5.00258
4.8015
5.47811
6.21636
6.92342
6.92342
5.95082
5.95082
5.95082
5.45375
5.45375
5.162
5.162
4.28878
3.53546
4.34599
4.05463
4.05463
5.09038
4.25112
4.02149
3.41715
3.20624
2.50303
3.17873
3.17873
3.92978
4.28772
4.28772
4.28772
3.81428
3.45117
3.81276
5.08239
5.20214
6.46449
6.46449
7.40788
5.77127
5.8115
6.0303
5.36534
6.01344
5.43665
5.68577
5.68577
6.27191
5.99454
5.99454
5.85623
6.34457
6.78111
5.68515
5.92202
6.39988
6.90101
7.31232
6.71343
5.97087
7.1192
6.32928
7.15927
7.15927
7.15927
8.76537
8.42364
8.85199
9.91505
9.79682
9.79682
10.0353
10.5071
10.9607
10.9607
11.0893
10.1715
10.6406
11.5562
10.635
9.70299
9.59426
9.59426
9.59426
9.59426
8.71875
8.43064
8.43064
8.39021
8.39021
8.61657
8.61657
8.56653
7.86647
7.86647
7.86647
8.47966
7.79362
7.11827
6.81016
5.87144
5.43743
5.43743
5.60205
5.46868
6.25281
6.25281
6.25281
7.06068
7.06068
6.34387
6.97506
6.67376
6.5921
6.51246
6.3443
6.41215
6.41215
6.0848
5.59078
5.59078
5.59078
6.02606
6.80408
6.58746
6.76975
6.38131
6.51536
6.98342
7.47641
7.9215
7.9215
7.5174
6.40831
5.61776
5.61776
5.61776
6.3645
6.3645
6.3645
6.3645
6.96844
7.14908
7.14908
7.15677
7.0018
7.26
7.18975
6.77994
6.97615
7.74619
7.28285
7.28285
7.28285
7.77419
7.12519
5.99079
5.34875
5.98209
5.45217
4.88029
4.22258
3.33045
2.87433
2.40724
2.40724
2.40724
1.98161
1.98161
1.98161
1.31568
2.37658
2.04964
2.29692
2.29692
3.94934
3.88155
5.19245
5.4716
5.26937
4.32422
4.96705
4.48848
5.14157
5.51657
4.71923
4.71923
4.71923
4.71923
4.30354
3.15509
4.38041
4.38041
5.07196
5.68944
6.54501
5.55269
5.55269
5.40307
6.01539
5.60251
5.01611
5.01611
6.22064
6.13069
7.04135
7.01599
6.71389
6.62945
6.91692
5.85425
5.85425
6.72028
6.72028
6.87036
6.87036
6.49429
5.8765
5.8765
6.7645
7.80957
7.80957
7.81468
8.83099
8.00375
7.64898
8.57239
7.88834
8.04725
6.88789
6.14532
5.69172
5.06199
3.89086
3.59043
4.30469
4.58926
3.97564
3.97564
2.9154
2.46994
2.00275
1.25159
1.25159
1.25159
1.81367
2.51821
2.39942
2.46521
1.34669
2.12968
2.30717
2.30717
2.75714
2.75714
2.75714
3.02634
3.57725
2.76113
2.808
3.13766
3.13766
2.51517
2.587
3.1107
3.4363
3.44308
4.01029
4.48327
4.43122
4.43122
4.43122
4.0114
4.15684
4.66515
4.39158
3.55641
4.30075
4.41752
4.6039
5.57154
4.95218
4.84713
4.9223
3.63169
3.72868
4.00406
4.00406
4.17155
4.37222
4.32883
4.84157
5.58201
5.86536
5.86536
5.41778
4.64741
4.49637
4.49637
4.83826
3.40619
3.1855
2.25633
2.25633
3.48095
3.48095
4.11988
4.11988
4.17724
4.41012
4.02866
4.16221
3.35033
4.61489
4.61489
4.61489
4.61489
3.85538
3.58077
4.16041
4.59955
3.9957
2.99328
2.85786
2.52829
3.021
3.90532
3.90443
5.26681
5.26681
4.9534
4.27174
4.27174
4.04182
3.60171
3.60171
4.10419
3.03181
2.7254
2.7254
3.17849
2.2823
2.82349
2.82349
1.54585
2.84669
2.84669
2.17248
2.75431
4.10844
4.10844
4.28376
4.51943
4.51943
3.58928
3.00964
3.00964
3.00964
2.84711
2.34819
2.34819
2.97634
2.97634
2.38743
2.38743
2.38743
2.38743
2.38743
3.65822
3.65822
2.75974
3.17764
2.50585
3.93789
3.93789
3.69757
4.41399
4.41399
4.41399
3.96609
3.343
2.80708
2.80708
3.23445
3.96603
3.96603
4.53881
4.10128
2.99978
2.61785
2.61785
2.51453
3.08241
3.08241
2.5911
2.5911
3.9713
3.1951
3.85091
3.96943
3.96943
3.88649
4.72342
5.84245
6.97049
6.97049
8.15432
8.87986
9.13849
9.21824
9.37842
9.03748
10.4908
10.4908
10.4908
10.017
9.85643
9.83271
9.04395
8.50442
8.42953
8.87061
9.47866
8.8476
8.27899
7.17296
8.40546
7.72607
7.72607
8.06851
7.58684
6.66834
5.98085
5.36273
4.58903
4.58903
4.58903
4.58903
5.48327
5.07423
5.07423
4.05171
4.75342
4.02049
4.02049
3.64919
3.64919
4.0203
3.47936
3.47936
3.75294
2.89833
3.72329
2.51233
2.51233
2.51233
2.51233
2.51233
2.90267
3.38128
4.01209
4.88222
4.88222
4.32563
3.77704
4.62324
5.54073
6.29548
6.43994
7.04263
7.04263
7.04263
6.48556
6.89138
6.89138
7.25927
8.18422
8.76888
7.77114
7.77856
7.77856
7.46815
7.46815
8.06513
7.78255
7.78255
7.78255
7.81085
7.78382
6.59493
6.59493
5.37772
5.91092
5.86148
7.07262
6.91604
6.33023
6.34903
5.42492
5.22482
5.24385
4.70239
3.50499
3.59129
3.38819
3.84475
3.06386
3.06386
2.41576
3.0614
3.24029
4.17095
4.48406
4.73817
4.73817
4.30518
4.20941
4.92898
4.92898
3.67419
3.66484
2.88685
2.50023
3.3174
3.50749
4.9006
5.48276
5.24508
6.10308
6.10308
6.10308
6.10308
5.28099
4.55906
4.55906
3.4132
3.4132
3.4132
4.64106
5.53713
5.89391
6.25546
6.43997
6.64103
6.92051
5.89567
4.70904
5.84484
5.84484
6.75569
5.8633
6.70485
7.3752
7.3752
7.1295
6.85648
6.86016
6.86016
5.69457
5.69457
5.13361
4.66776
5.266
4.6917
5.99478
5.66986
4.54793
2.85035
2.0384
2.0384
2.0384
0.925109
1.28155
1.28155
1.79545
2.37153
2.37153
2.16956
2.16956
1.89267
1.89267
1.89267
2.17792
2.6474
2.6474
2.6474
3.48246
2.58936
2.80849
3.0756
2.82305
2.82305
2.05619
1.7883
1.62554
1.62554
2.4408
1.35335
2.60418
2.89014
2.12691
2.1889
3.02607
2.54971
3.66258
3.66258
3.24983
2.14254
3.15585
3.39509
3.39509
4.23823
4.37088
4.37088
3.61346
3.85774
3.98336
3.98336
4.20855
3.41903
3.02778
3.02778
3.02778
3.79661
3.56253
2.22547
1.69548
1.69548
0.834982
0.834982
1.81068
1.81068
1.9547
2.1668
2.1668
2.9315
3.36267
3.74862
2.87885
3.12435
3.42164
2.72077
2.98887
2.2972
2.2972
2.2972
2.62395
3.07237
3.28662
3.34045
3.20312
4.14725
3.15731
3.15731
3.83036
4.69067
5.41638
4.21602
4.4268
5.63506
6.43943
6.43943
6.51585
6.51585
7.68308
7.62307
6.42771
5.89504
6.2642
5.69104
6.07089
7.08911
7.26201
7.26201
5.96434
4.81008
5.5935
4.82638
5.36085
5.78425
5.78425
6.03842
5.83729
5.93838
6.22132
5.25759
5.25759
6.07267
5.42952
5.7774
5.7774
5.98214
5.95944
6.56834
5.76921
5.60557
4.79645
4.95166
4.95166
4.54744
4.12085
4.02148
4.22599
4.45451
4.12303
4.33197
4.09792
5.40284
5.40284
5.44837
5.44837
4.71204
4.94257
5.24649
5.24649
5.76776
5.1676
6.12169
6.12169
6.21911
6.41238
6.76873
6.82788
6.82788
5.6271
5.6271
5.6271
5.14369
4.85823
4.85823
3.85246
2.69903
2.69903
2.69903
2.33621
2.33621
3.07857
2.96944
2.96944
2.51922
2.51922
3.04998
3.04998
2.61109
2.61109
2.99901
2.16967
1.62189
1.88593
2.65672
2.65672
2.65672
1.86778
2.69306
2.69306
1.59853
2.13181
2.91165
3.21612
3.73992
3.23598
2.65135
1.79447
2.16588
3.2567
3.69648
3.0188
3.59346
3.56884
3.9277
4.29778
4.17538
4.18064
5.04669
5.06213
5.06213
5.06213
4.82257
4.47731
4.88762
4.88762
5.16803
5.73454
6.28939
6.07883
6.07883
5.53176
5.74664
5.74664
5.44195
4.64468
5.50931
6.19918
6.19918
6.08179
6.08179
5.83396
6.70211
6.97219
7.8835
6.79144
7.09464
7.33073
7.09557
6.43469
6.25138
6.93548
6.90196
6.18911
6.18911
6.68196
6.68196
7.07179
6.7643
6.7643
6.08977
7.06033
6.68046
6.68046
6.24497
5.93111
5.45466
5.20018
5.2049
5.2049
5.2049
5.64814
5.95605
5.95605
5.31307
5.4406
5.46778
5.73799
5.48153
6.24093
6.24093
6.69695
7.23185
6.83923
7.59813
7.13591
7.18344
7.18344
7.73687
8.14545
7.70681
8.22644
9.06957
8.16474
8.28306
8.74779
9.508
9.57411
9.29462
8.88708
7.73955
7.64586
7.64586
7.35169
7.36054
6.34435
5.97689
5.29433
4.45921
3.19927
3.19927
2.87791
3.29648
3.66364
3.46357
4.00809
3.28817
3.49391
4.66436
4.4522
4.65897
4.65897
4.0551
4.15857
3.70608
3.70608
3.70608
3.08792
3.08792
3.08792
2.95177
2.66617
2.66617
1.72076
2.38187
2.38187
2.38187
3.07878
2.97996
2.44591
2.44591
2.44591
2.44591
3.44726
4.84052
4.84052
4.33354
4.42905
4.33871
3.87195
3.87195
4.18563
3.39173
4.39597
5.12935
5.72572
6.59669
6.23674
5.68766
5.35044
5.69892
6.26991
5.74029
7.02053
6.05551
6.20895
5.37567
4.8282
5.30348
5.1297
5.1297
5.1297
6.08611
5.43731
4.67772
4.67772
4.85337
5.10632
5.10632
6.05388
5.02868
5.34399
4.93873
4.93873
4.93873
4.408
4.16159
4.16159
5.03679
4.44462
3.31131
2.9409
3.96362
5.40825
5.16124
5.16124
6.56836
6.56836
6.58134
6.69766
6.28274
6.02874
7.54127
6.55781
4.86242
5.10481
4.39194
3.93238
3.93238
3.93238
4.26812
5.02583
6.11363
6.65072
5.83636
5.70216
5.70216
4.92515
5.53672
5.35422
4.7415
5.38826
5.38826
4.97141
4.42316
4.4473
5.47606
5.00828
5.00828
5.29816
5.29816
4.62391
4.22958
2.9397
2.9397
3.09075
3.5561
2.8957
3.12196
3.12196
3.73126
3.73126
3.73126
4.33117
4.7029
4.7029
5.0594
5.47548
5.28492
5.28492
5.55998
5.47608
5.97659
5.99118
6.18638
5.95133
4.59736
4.59736
4.59736
4.56797
3.58616
3.57401
3.58703
2.93192
3.77676
3.77676
3.46533
3.71213
2.33772
1.56354
1.73902
2.19339
2.90202
3.63267
3.3256
3.3256
3.17008
2.43385
2.40569
2.40569
1.55876
1.77451
2.99362
3.25664
2.57538
2.69374
3.16733
2.44222
2.44222
2.72964
3.2539
2.76745
2.76745
2.76745
2.76745
2.76745
2.58106
2.84326
2.84326
2.84326
2.84326
4.06471
4.06471
4.06471
4.06471
4.04026
4.06695
4.38431
3.68145
3.68925
4.35222
3.22391
2.04489
2.91017
3.28198
2.90051
1.92473
1.55615
2.64331
2.64331
2.99224
3.53556
2.97994
3.30995
3.96856
3.96856
3.51147
4.38291
5.0393
5.66093
5.60791
5.60791
4.81335
4.90844
4.01239
4.14595
3.51724
2.88604
2.56189
3.11621
3.11621
2.01994
0.981057
0.981057
1.76959
2.47885
2.42557
4.06928
4.15093
4.15093
3.46549
3.65062
2.76747
2.48477
1.49383
1.84272
2.07895
1.54226
1.55453
1.83322
2.23582
3.05769
4.23517
4.47472
4.89726
4.89726
4.83617
5.60322
5.34902
4.93042
5.73015
5.69357
6.30015
6.36611
6.36611
6.44947
6.44947
7.54938
7.54938
8.66818
8.08691
8.69158
8.95206
9.14404
7.9016
6.84622
7.54448
8.34912
8.34912
8.0338
6.72595
6.05656
6.73149
6.33403
6.42881
5.53957
5.65196
5.65196
6.72393
6.72393
6.72393
6.18572
6.18572
6.18572
5.36075
6.5063
5.80294
6.32846
6.98936
8.17222
6.86522
6.86522
6.82084
5.35559
5.68579
5.83855
4.8384
5.04028
5.04028
4.78176
4.78176
5.69616
5.8317
5.00409
5.43801
3.85163
3.85163
3.85163
3.85163
4.902
4.902
5.08232
4.21504
4.61335
5.02243
5.25836
4.79428
5.32021
5.32021
4.7099
5.06549
5.06549
4.51043
4.19558
4.95102
5.6774
6.32258
6.12962
6.12962
5.56407
5.17402
5.35286
5.58811
5.50734
5.50734
5.24263
4.82897
5.4451
6.58399
6.82794
6.82794
5.42806
3.78787
3.78787
3.78787
3.78787
3.73773
3.34478
3.41969
2.04365
2.04365
2.04365
2.04365
2.42537
2.32366
2.32366
2.32366
2.32366
2.43254
2.64739
2.64739
3.7936
4.57699
3.5355
3.24994
3.49963
4.37318
3.33508
4.34302
5.16959
5.2141
5.13061
3.84804
4.15802
5.24356
5.33277
5.50319
6.90107
6.90107
6.01536
5.99183
5.99183
6.16136
6.16136
6.54683
6.54683
7.68995
8.56408
7.89413
7.17218
7.88592
7.88592
7.89078
8.93351
8.39107
8.44098
8.44098
8.44098
9.7452
9.4033
9.4033
8.81595
8.33206
8.56618
8.56618
9.17518
9.92226
8.92176
8.92176
8.92176
8.88941
8.77384
8.77384
8.92482
9.43495
9.46479
8.12459
8.12459
7.40436
8.02811
8.3947
8.57285
8.83686
8.40154
8.40154
8.34327
8.34327
7.87659
7.87659
8.03128
8.0296
8.39659
8.39659
8.5362
8.07933
7.18261
7.64589
7.64443
8.32038
8.32038
7.73119
6.74759
6.24344
6.68535
7.49189
7.75432
7.75432
7.81003
7.8053
6.80841
6.86594
7.64829
7.78591
8.04401
7.53444
8.49577
9.05649
8.61154
7.8392
8.62826
8.62826
8.6614
7.82425
6.74423
7.40758
8.49996
8.49996
8.53669
7.92944
7.30602
6.12834
6.12834
6.12204
6.12204
6.07584
6.65116
7.43723
7.38008
7.54462
7.6755
7.12795
7.12795
7.12795
6.98206
7.83711
8.2769
8.29412
8.49954
8.32506
9.03549
7.66115
6.16828
5.53314
5.53314
5.53314
4.80852
4.89011
4.53982
4.10513
3.70926
4.10296
4.10296
5.51376
5.51376
6.65751
5.82789
4.73635
5.34881
5.77017
5.09618
4.84578
4.84578
4.23068
5.0109
5.0109
5.0109
4.38898
4.09303
4.99551
4.99551
4.76559
4.34574
4.7925
5.15173
4.67402
4.0763
4.37175
3.92025
3.73596
4.75429
4.17322
3.95131
3.98063
3.81775
4.22399
4.41937
4.63413
4.63413
4.33604
4.33604
4.2843
4.30725
5.27879
4.12556
4.40635
4.40635
4.14291
4.57102
4.44341
4.44341
5.3544
5.20203
5.23053
4.57696
4.39599
5.06683
5.06683
5.06683
5.06683
5.06683
4.67729
4.67729
4.48505
5.93331
5.93331
6.50155
6.50155
7.21367
7.58433
7.20339
7.20339
6.40985
5.02742
4.87185
3.35915
3.38398
4.9565
4.47983
4.35639
4.35639
4.35639
4.49775
4.49775
3.50801
4.68057
4.68057
4.32171
4.32171
5.37582
5.37582
4.2158
5.2021
5.57912
5.57912
6.83327
7.68999
7.2084
7.09827
8.4802
8.97417
9.44003
8.68041
8.76761
9.60109
10.2949
9.12856
9.12856
9.35039
8.74667
7.49767
6.8324
6.8324
7.46075
7.97654
7.97654
7.97654
8.20089
7.9549
7.73763
6.66454
6.3582
5.98194
5.71445
5.10203
5.89708
5.89708
6.08217
4.93556
3.2674
4.07543
5.15649
5.25797
3.85481
3.0489
2.98977
2.98977
2.74369
2.74369
3.42433
3.17732
3.17732
3.32836
3.32836
3.32836
2.08199
2.24099
1.95185
1.43807
2.17024
1.70786
2.64524
2.64524
2.60594
2.81585
3.76128
5.04642
5.44464
4.31191
3.89551
3.70785
3.70785
4.58296
4.58296
4.6244
4.6244
4.6244
5.48341
5.38062
5.65461
4.95899
4.63257
4.07001
3.5087
3.4779
3.4779
4.70733
5.25417
5.66376
4.80173
4.80173
5.16802
5.16802
5.28647
5.71172
5.60392
6.74801
6.90764
6.97919
5.96516
5.92656
4.98208
4.64593
5.37758
5.20416
5.20416
4.55849
4.55849
5.23173
5.23173
5.28522
5.28522
4.48072
4.26866
4.429
4.86669
5.07577
6.3418
6.87243
6.69159
5.19194
5.94599
5.50831
5.07651
5.07651
5.29984
5.7805
5.71578
5.13391
5.13391
5.13391
6.02081
6.03333
6.72427
6.97551
7.62806
7.62806
7.83444
7.80841
6.8726
7.56344
8.38325
8.21201
8.21201
9.25446
9.50469
9.48587
9.93346
9.9043
10.2239
10.2239
9.93306
9.12831
9.38109
9.38109
8.34118
8.34118
7.3421
7.3421
8.1654
7.25399
7.25399
7.35533
7.48391
7.2058
6.68146
6.6014
6.6014
6.21298
4.54636
4.62911
4.31865
4.49904
4.46688
4.79581
4.79581
4.30768
4.0036
3.85096
4.64705
3.95029
3.08525
3.61802
4.5427
5.41632
4.35447
4.31992
4.51199
5.20298
6.02671
7.13748
7.13748
6.76275
6.82035
7.19437
6.9182
5.77437
5.77437
5.87473
6.82127
7.36403
7.75774
7.26388
6.46806
6.51618
5.23877
4.12965
4.12965
4.71721
4.71721
5.47047
5.81998
4.70653
4.73332
4.73332
4.13851
4.34072
4.34072
5.14269
3.8689
3.8689
3.8689
2.99589
4.45033
4.45033
4.20574
4.48325
4.11785
3.55342
3.30466
3.71263
4.10503
3.01554
3.68068
3.70207
4.66335
4.25224
4.25224
4.25224
4.1177
4.03286
3.89823
2.50611
2.79798
2.97905
1.93915
1.93915
1.93915
2.51009
3.61795
3.61795
4.09385
4.09385
4.41738
5.65988
4.88898
4.17083
2.9275
2.9275
3.39169
2.28389
1.58582
2.37478
2.37478
3.15043
3.64365
3.47196
4.14876
4.75065
4.70993
4.70993
4.65362
3.93498
3.93498
4.32248
4.57189
4.57189
4.51482
4.51482
4.51482
4.27981
2.8707
2.8707
2.07319
2.51806
3.37282
4.73468
4.73468
5.29696
5.92371
5.92371
5.81337
5.76127
6.40899
5.15136
4.33107
4.19991
4.19991
4.19991
4.18288
4.18288
4.18288
4.18288
3.70057
2.77788
2.73274
2.73274
2.73274
2.73274
1.92962
2.50815
3.33545
3.33545
3.33545
2.39757
2.39757
2.42687
2.42687
1.60046
1.41115
2.24765
2.36199
2.36199
2.36199
3.74567
3.08814
3.08814
3.08814
2.87514
2.98229
1.7676
2.05289
2.7412
2.64319
2.64319
2.76671
2.76671
2.49292
2.32979
1.8543
2.37954
2.22121
2.65472
2.65472
1.51128
1.51128
1.51128
1.88533
1.88533
1.88533
2.75468
2.75468
2.75468
2.75468
3.96332
3.96332
3.96332
4.31811
4.31811
3.73202
3.73439
4.73585
5.37917
5.75213
5.81249
6.58686
6.01287
6.81337
5.54745
4.68294
5.04846
5.07904
5.07904
5.34653
5.33391
4.78662
4.78662
4.69617
4.69617
4.69617
4.69617
4.69617
4.69617
6.39423
6.68341
7.22722
8.49813
8.92137
8.92137
8.78817
9.24613
8.45598
9.32831
9.63797
11.2332
12.0647
12.9448
12.0867
11.728
10.4103
10.2189
10.5115
10.8241
10.9369
11.5597
11.5597
11.3993
11.1432
11.3152
11.8088
12.4051
12.4169
12.4169
12.1552
12.8335
12.8335
13.4633
14.1539
14.1539
14.4868
14.413
14.3594
14.3594
14.3594
14.6465
13.7605
13.7605
13.1684
13.0233
13.0233
13.5774
13.2304
13.8259
14.5704
13.594
13.9295
14.1883
14.1883
14.1883
14.1883
14.1883
14.1194
14.1194
14.0539
14.2563
14.2563
14.2518
13.9825
14.1753
13.5437
13.5437
14.4292
14.4292
14.4292
14.4292
14.1142
13.8621
13.7895
14.3068
13.7193
14.1356
14.1356
14.8587
13.8205
13.8665
12.7702
12.5522
12.5522
13.2354
12.0006
12.607
11.7661
11.9504
11.9504
12.8639
12.8639
12.9194
13.5192
13.1369
13.4016
13.2164
12.7998
13.2422
13.8862
13.8862
12.5163
11.9272
11.2218
10.6167
11.4478
11.4478
11.9851
11.9851
11.9851
11.9851
11.9851
12.2147
13.0752
11.6647
11.2234
11.0695
12.225
12.8378
12.8378
12.1657
12.1657
12.9609
12.6737
12.8711
11.7909
10.7798
10.99
11.2091
11.2091
12.0903
11.386
10.3989
10.2009
10.2009
9.85526
10.3342
10.0387
10.0387
10.4155
10.7945
11.0835
11.7424
11.63
11.5615
11.4644
11.4644
11.5664
10.5358
11.4313
10.8072
10.8072
10.2858
8.99099
8.28693
8.28693
8.66447
8.66447
8.66447
8.99468
9.6265
10.4366
9.75732
9.75732
10.3448
11.3888
11.9224
12.5546
11.8729
11.127
10.9478
11.246
10.2028
10.4568
10.4568
10.9094
10.9094
11.0349
11.1428
10.512
9.85969
9.85969
9.85969
9.1212
8.4392
9.10792
9.75376
10.0878
10.558
11.4457
10.5045
10.5045
11.0636
11.0636
11.5813
11.6604
11.6604
10.9158
11.7367
11.7367
11.7367
12.3266
12.3545
12.3545
12.0601
12.1766
12.1766
11.6589
10.8577
10.7298
9.80474
10.573
11.3628
12.8535
12.8839
12.4175
12.9946
12.9946
13.027
13.4315
12.5801
12.7036
12.4002
12.5089
11.0215
11.8553
11.8553
11.08
10.3018
9.43412
8.99799
8.47928
8.47928
7.13362
6.0011
6.09742
6.17957
5.88048
5.88048
5.88048
6.46903
6.52783
6.52783
5.99848
6.78557
6.65705
5.65942
7.50187
5.91342
5.91342
5.48862
5.67877
5.88136
5.65398
6.63958
6.63958
6.63958
5.69507
5.37103
4.93592
4.29378
4.67812
5.30203
6.23037
5.07886
5.07886
6.51383
6.51383
6.66637
6.70673
5.98681
6.197
5.78708
5.873
5.56548
5.45778
6.20908
6.20908
6.46293
6.7613
6.79235
5.56177
6.87119
6.87119
7.49014
6.39704
6.76328
6.76328
7.45158
6.51649
6.51649
5.35707
4.90264
5.27202
4.5028
3.96877
3.96877
3.99055
3.99055
3.99055
3.99055
3.58823
3.82737
3.5942
4.86745
5.71177
5.18401
5.30059
5.83695
5.83695
6.98988
7.13219
7.51187
7.51187
8.87143
8.47227
8.7119
10.2333
8.95387
9.036
9.37023
9.37023
9.7307
9.04335
9.15807
9.15807
9.22339
10.0726
9.85243
9.56581
8.92235
8.31337
8.57938
7.57208
7.11267
7.11267
7.48022
7.72928
8.22113
8.37096
7.28742
5.92884
5.77618
5.60883
5.58186
4.84381
4.84381
4.84381
4.02752
4.02752
2.689
2.689
3.45943
4.46983
4.87666
3.74524
3.91754
3.65458
2.81633
2.81633
3.14923
3.14923
2.84695
3.86403
3.97035
3.60169
3.60169
3.60169
3.54648
4.32711
3.24927
3.97998
3.90692
4.39083
3.51046
3.0518
3.0518
2.80305
2.51424
3.22877
2.39203
3.26665
3.26665
3.22905
2.87514
2.816
3.46611
4.29703
4.29703
4.42725
3.59698
3.59698
3.59698
3.59698
3.49669
4.02072
4.10394
4.60634
4.20538
3.95847
3.95847
3.47855
4.10716
4.10716
4.07274
4.43908
5.21331
4.79649
6.16819
5.36226
4.73482
4.28676
3.85823
3.06625
2.88604
4.06485
3.52313
3.52313
2.96994
2.96994
2.96994
2.1116
2.1116
2.1116
2.1116
2.88609
3.40918
4.82328
5.8559
5.75636
5.75636
6.11487
6.11487
6.11487
5.95066
5.70976
5.70976
6.53838
5.89839
5.11474
4.62349
4.62349
4.62349
4.79441
5.4456
4.1875
4.1875
3.51915
2.29185
3.05598
3.05598
2.56426
2.82367
2.08751
3.42551
4.67464
4.67464
4.67464
5.28221
5.24249
4.47294
4.47294
4.47294
4.81403
4.40049
3.55416
2.62141
2.62141
2.50529
2.78951
2.99837
2.99837
2.9464
2.9464
3.18296
2.79471
3.61949
2.47964
3.38402
2.87816
2.6819
1.65656
2.28349
2.207
2.207
2.7918
2.49994
2.49994
2.57157
2.57157
3.27219
3.27219
2.90291
3.54859
4.18494
4.83634
4.48522
5.68926
5.32556
5.83455
6.80742
6.7771
7.05909
6.87551
6.61435
6.61435
7.28489
7.28489
7.03679
8.1925
8.51256
8.51256
7.49357
7.39772
6.74224
6.01153
6.6871
5.98562
5.98562
5.89436
5.82011
5.82011
6.51529
5.79144
6.21108
6.21108
7.15596
6.28099
7.60288
7.44122
7.43544
7.32345
8.33875
8.33875
8.58533
8.14645
8.14645
7.8095
7.8095
9.04055
9.3604
8.95721
9.03298
7.54695
7.03745
6.68105
6.68105
7.03346
7.03346
7.03202
7.4549
6.23797
5.94763
7.08094
6.0426
5.38262
5.56154
6.21311
5.24627
4.72291
5.98642
4.76049
4.06267
4.29059
4.51461
4.51461
4.1176
4.1176
4.7261
5.23524
4.83811
5.64111
4.5229
5.27311
5.61728
4.98324
4.54153
4.54153
3.41389
2.36695
1.82872
1.74712
2.27235
2.27235
1.74416
3.08291
3.08291
2.23565
2.20254
2.88283
2.88283
2.49905
3.15614
4.29746
4.41153
4.16403
4.23322
4.10799
4.30786
3.85022
2.74628
1.28245
1.28245
1.28245
1.28245
1.31865
1.98762
1.98762
2.97604
2.97604
4.16615
4.58864
4.58864
5.88655
5.88655
7.05963
6.65746
7.0251
7.08591
7.5189
8.40465
7.90238
7.46577
8.5888
8.46236
7.18711
7.48026
7.10287
7.36344
7.36344
6.45645
7.07328
7.37999
7.37999
6.83907
7.81245
8.40938
7.64325
8.95625
8.98888
8.9741
9.30996
8.04906
8.10957
8.10957
7.70228
6.23789
6.52663
6.03426
6.03426
5.71208
5.58775
4.25084
4.41141
5.51087
5.09291
5.93519
6.40225
6.50903
6.72965
6.72965
7.12679
7.13549
8.47889
7.94079
7.86079
7.86079
8.03682
8.25495
7.52614
7.52614
8.04362
8.04362
7.7162
7.56377
6.84009
7.4263
6.89615
6.99233
8.12363
8.63024
8.64819
9.27786
9.52082
8.70613
9.5433
9.5433
9.5433
9.34653
9.70524
10.2264
11.6353
12.801
12.5765
12.8394
14.1963
13.3618
13.3618
13.6117
13.6117
13.2854
13.9249
12.5842
12.0358
11.7959
11.5746
10.55
10.7959
10.7959
11.1214
11.4993
10.6544
10.2829
11.7786
11.4031
12.2446
12.2446
12.504
12.1939
10.9359
11.1073
11.5948
11.7834
12.0754
11.7513
10.8805
9.3303
9.11111
9.11111
9.05481
9.17701
9.17701
9.92329
9.55245
9.55245
8.87944
8.21414
8.32294
8.32294
7.09573
6.62064
6.62064
6.74572
6.74572
6.7774
6.94048
7.00923
7.00923
7.60331
8.54108
7.41799
7.38749
7.85746
8.21176
7.41706
7.29211
7.53161
6.65249
5.64779
5.64779
4.55464
5.12479
6.01373
6.01373
6.49424
6.67541
6.49637
5.92719
4.27737
4.45549
3.68241
4.99999
5.61181
4.88021
6.30533
6.00171
6.00171
4.82837
3.23154
3.23154
3.53588
3.53588
4.07287
4.73614
5.36892
6.01719
6.01719
6.01719
5.61533
5.61533
6.7429
6.50574
6.39392
6.00767
5.87605
6.39156
6.94689
7.70536
6.35445
6.88466
6.31032
6.31032
4.85806
5.08123
5.55536
4.46048
4.11612
4.11612
4.11612
4.64845
3.25937
3.70134
4.7114
5.73322
6.63301
6.43912
5.26151
4.37815
4.86446
4.06036
4.3022
3.37849
4.43761
4.43761
4.33749
4.33749
4.33749
4.33749
4.33749
5.4086
5.51767
5.69291
5.69291
5.03088
5.37821
5.14477
5.14477
4.79927
5.42442
5.87334
6.08349
6.56955
6.23495
5.74969
6.36335
6.15016
6.77149
6.22189
6.22189
6.01823
5.85229
5.85229
6.45047
6.89037
7.81906
7.49674
7.36498
7.01683
7.16656
6.83164
7.2456
7.79408
7.73139
7.54365
7.68359
7.68359
7.02549
7.02549
7.03591
8.59495
8.6281
8.6281
8.6281
8.6281
7.92934
7.18804
5.82352
5.02748
5.51688
5.51688
5.38551
5.38551
5.38551
5.04348
5.04348
5.22512
5.58632
4.88811
4.24366
4.37018
4.37018
5.02029
5.02029
3.70894
4.86742
5.00947
5.04774
4.26563
4.26563
4.01879
4.84661
5.43064
5.43064
5.43064
4.62537
4.11096
4.11096
4.40648
3.97287
4.91511
6.24779
5.64804
4.85842
5.13454
4.91131
4.18217
4.18217
3.99249
3.99249
3.99249
3.55685
3.16884
3.32423
2.50756
3.11419
3.7572
4.3715
4.94856
3.54027
3.80759
4.27624
4.78435
4.78435
5.79651
4.83955
4.83955
3.7253
3.48131
4.62753
5.0736
5.0736
5.0736
5.34036
5.19946
4.61826
3.50082
3.75755
3.77855
4.14459
3.94856
3.94856
5.14624
5.3603
5.71123
5.53873
5.53873
6.37666
7.11874
7.11874
7.59173
7.65845
8.07302
7.94052
7.74683
7.55583
7.08491
7.53246
7.98284
9.1564
9.30474
9.65795
9.65795
9.74915
8.90718
8.36718
8.33242
8.33242
7.33983
6.71708
6.71708
8.18252
8.18252
7.91229
7.40178
6.97917
7.38594
7.46697
7.07281
8.63193
8.63193
7.51502
7.51502
6.95531
7.33316
7.98814
7.13388
7.5056
6.97043
6.97043
5.9595
7.06762
7.60063
8.50732
8.74418
8.55017
7.43455
7.86484
7.36588
6.24122
6.24122
6.24122
5.90029
4.80213
5.57801
5.57801
5.69721
5.13035
5.13035
4.60011
5.30448
4.61447
4.53451
4.96107
5.07392
3.96297
4.08201
4.9463
4.91485
4.58718
5.52218
5.32811
5.9024
4.97458
5.30314
4.93964
4.93964
5.43662
6.47111
6.60051
5.56828
5.39089
5.39089
4.9664
4.9664
5.23513
5.07622
5.07622
4.84405
4.29383
3.50485
3.11904
3.59541
3.26276
3.22562
2.70182
3.18959
3.22541
2.98219
3.38256
4.73938
4.73938
4.55472
5.36307
5.36307
5.36307
5.97928
5.97928
6.00732
6.2744
6.0019
5.03397
4.29398
4.29398
4.63123
3.85678
3.2687
2.92398
3.19114
3.81291
5.01202
4.26643
4.26643
3.48231
2.81197
3.49606
4.54221
4.54221
4.54498
5.57603
5.57603
5.75607
5.75607
6.7041
6.7041
6.66722
6.53334
5.80668
4.78037
5.05406
5.05406
4.76785
3.47191
3.47191
3.77348
3.57517
2.98861
3.25331
4.46992
4.87337
4.87337
4.54128
3.34824
3.66334
3.99717
3.99908
5.21662
5.21662
6.64281
7.43243
7.43243
7.05336
7.05336
5.82928
6.20845
5.15953
5.47886
4.53132
4.23906
3.19948
3.97774
3.54065
3.37799
2.52653
3.39655
3.09975
2.10849
1.66834
1.68923
1.68923
1.69967
2.2225
2.33173
2.33173
1.95625
3.33924
4.35364
4.65459
4.65459
3.8386
3.8386
4.02818
4.02818
4.02818
4.96344
3.812
3.812
4.89193
6.27337
5.98822
5.60584
5.33614
5.33614
4.95303
4.92418
5.51776
5.87509
5.67488
5.35062
5.35062
5.04695
4.20382
3.20528
2.63472
3.46896
3.46896
1.95827
1.95827
1.95827
1.95827
2.84825
3.78792
2.70588
2.65466
2.9167
3.91922
3.04982
3.65495
3.65495
3.65495
4.17772
4.35632
3.20811
1.67189
2.28052
2.28052
2.12948
2.12948
2.94254
2.83077
2.83077
3.36353
3.79364
3.45511
3.45511
3.55698
4.45833
4.11671
4.61307
5.19364
5.40065
6.07627
5.79958
6.57779
6.70308
6.49262
7.23964
7.23964
7.80433
7.29783
6.96157
6.96157
6.86978
6.86978
6.57245
6.83434
7.27217
6.81527
7.22352
6.69811
6.69811
7.36938
7.0269
6.49065
6.10559
6.46622
6.46311
6.46311
5.30607
4.72447
5.34754
5.07534
6.20335
5.88269
6.45785
7.37785
6.57788
6.57788
5.748
4.60619
4.32789
4.16989
4.66898
5.36646
5.18214
5.32251
6.08142
6.23889
5.88394
5.88394
6.84078
6.83701
6.3016
5.83414
5.61385
6.62669
6.14745
5.50445
5.29537
4.6645
5.425
5.01714
3.85952
3.44222
3.44222
3.13288
2.65325
2.87162
2.04349
2.04349
2.04349
2.04349
2.04349
0.60588
1.99747
2.74723
2.74723
2.74723
2.74723
3.25924
3.25924
3.25924
2.87294
3.43695
3.06084
2.72296
1.57654
2.50385
2.50385
2.50385
2.38333
1.50838
1.50838
1.78148
1.78148
1.81377
1.81377
2.36668
2.75248
3.26004
3.26004
3.4002
3.4002
3.30467
2.85573
2.85573
3.80056
4.85653
4.85653
4.04943
3.33117
3.57902
2.77144
1.45047
1.99074
0.923758
0.923758
0.923758
1.8587
2.89303
1.63368
1.63368
1.63368
1.12507
1.12507
1.29049
1.89914
3.01786
2.31876
2.83541
2.83541
3.80175
4.31006
4.31006
4.4522
4.17494
3.27984
3.27984
3.01844
3.55191
4.66049
3.87818
3.64063
4.8617
4.67961
4.58439
5.44193
3.82179
3.82179
3.91549
3.91549
2.99257
2.99257
2.99257
2.59172
2.59172
2.59172
2.9914
4.6618
3.86476
4.3915
4.5551
3.19212
2.85611
3.37919
2.72381
2.96742
2.79172
2.79172
3.01645
3.01645
3.26311
2.97567
4.09738
4.89366
5.98519
6.91954
6.2222
6.2222
5.99287
5.99287
5.99287
5.99287
5.99287
4.68217
5.74216
6.34966
6.72978
6.18908
4.98982
4.39948
4.78129
5.23114
5.23114
5.23114
6.36909
6.85134
7.4577
8.4432
7.3206
7.3206
7.3206
6.84146
6.84146
6.84146
6.84146
6.69686
6.14751
6.14751
5.38411
5.38411
6.18418
7.28565
7.20632
6.92162
7.3525
7.3525
8.38953
7.05655
5.50428
6.03923
6.63193
7.89322
7.89322
8.47714
8.44442
9.31259
8.56571
8.08934
7.40429
6.87286
6.87286
7.40307
7.33925
7.32804
7.60562
6.66468
6.66468
6.66468
6.75384
7.66588
7.66588
7.56711
7.51282
6.97231
6.59783
7.36521
7.10704
7.25636
7.25636
7.52709
7.52709
6.54245
6.30812
5.56704
5.73197
6.22456
5.28817
4.06959
3.89227
3.24241
3.01341
3.01341
3.88848
4.26096
4.63823
4.63823
5.10073
6.10627
6.10824
4.83724
5.29783
5.4227
4.32265
5.10475
4.8092
4.8092
5.40146
4.38901
4.38901
4.38901
4.38901
3.81896
3.81896
3.81896
4.09342
4.18474
4.18474
4.61224
4.80108
4.76345
4.76287
4.98187
4.72829
3.75947
3.37985
3.37985
4.25119
4.15307
3.3271
3.3271
2.95299
3.37518
4.32057
4.32057
4.71052
4.50528
4.29096
4.29096
3.73109
4.69295
4.15914
4.46211
4.46211
4.46211
4.66234
3.63657
3.66712
3.66712
3.07545
2.71105
3.13758
2.51934
2.01068
2.01068
2.16638
2.87425
2.97218
4.31581
3.1787
4.20523
3.85829
3.29696
3.76805
3.69413
3.42244
3.58635
4.49012
4.56312
5.57542
5.84605
7.46685
7.87716
7.73417
7.27689
7.75302
7.75302
7.59046
7.63345
6.98122
7.52692
7.11724
7.11724
7.11724
6.60844
6.60844
6.5323
5.55308
5.52664
5.52664
5.46145
5.1223
4.65725
3.21405
3.59943
3.0949
1.71122
1.71122
1.57372
1.97175
2.08278
2.15525
3.08394
2.62332
2.62332
2.49413
2.43464
2.19564
2.41198
2.31986
2.87139
2.87139
2.87139
1.85584
1.28719
1.28719
2.26102
2.87178
2.93887
2.93887
1.86395
1.86395
1.86395
1.86395
1.86395
2.23478
2.00725
2.00725
2.26107
2.28512
2.14019
2.99071
3.15214
4.18166
4.77082
4.78314
5.32382
5.32382
5.37743
5.27502
5.96863
5.96863
5.7962
5.05997
5.18988
5.29889
5.29889
5.29889
5.79743
5.34276
4.63581
4.63581
4.87029
3.81447
4.32311
5.12194
6.48914
6.20183
6.20183
5.54567
6.70453
6.2903
7.12227
7.58057
7.00809
6.37509
6.37509
6.41384
6.3608
5.19382
5.42402
4.04916
4.32738
4.0825
4.0825
4.0825
4.73818
4.73818
4.35631
4.5741
5.55211
6.00314
6.90559
6.39149
6.27002
6.29266
5.03457
5.03457
5.03457
5.33213
4.66994
4.18192
3.10535
3.10535
3.99141
3.99141
4.03281
4.60071
4.11336
3.45447
3.70636
2.84213
3.24212
2.88028
2.14189
2.6328
3.01802
3.9409
3.9409
4.20446
5.03809
5.03809
4.93072
4.93072
4.57078
4.57078
5.03832
5.22262
5.22262
5.22262
5.23701
4.18088
3.77359
4.05902
3.86712
3.86712
4.14325
4.14325
3.84955
3.84955
4.25385
4.55662
4.55662
5.34132
4.67518
5.75926
4.51422
5.23766
4.81011
4.15545
4.73004
4.73004
4.73004
4.73004
5.02056
4.21752
4.14495
4.04922
4.84726
3.51725
3.51725
4.65831
4.05986
3.37926
3.10685
3.19951
3.19951
2.61494
2.61494
1.90481
2.56458
3.03135
3.7655
4.40473
4.81094
4.81094
4.01014
4.09345
5.187
4.32833
4.90299
5.05103
4.77006
5.06508
4.20093
3.74462
3.38788
2.94489
1.91581
1.91581
2.30672
2.30672
2.97046
3.71868
3.98394
3.57016
3.57016
3.57016
3.57016
3.57016
3.39858
3.30639
3.29772
3.53466
3.67563
3.13724
2.49732
2.49732
2.49732
2.91882
3.82516
4.85934
5.84428
4.81658
4.6444
4.59463
5.05525
4.30814
3.08825
3.08825
4.02443
4.23946
4.23946
4.77461
4.92031
5.1488
5.9247
5.9247
4.9195
4.9195
5.56643
5.1721
4.56748
3.72366
2.81319
2.43421
2.42463
2.42463
2.42463
2.52367
2.52367
2.57488
2.57488
2.84336
2.84336
2.84336
2.84336
2.39158
2.39158
3.40463
3.3499
1.96074
2.68939
2.67534
2.78693
1.78118
1.71907
1.71907
2.30027
1.7805
1.75101
1.99672
1.99672
2.49897
1.33
2.04163
1.52322
1.59112
0.687656
0.687656
0.687656
0.725653
2.00947
1.72098
1.77205
1.59293
0.947899
2.21574
1.3521
1.30498
2.38293
2.06893
2.64747
3.42237
2.6316
3.03894
2.98029
2.98029
2.98029
2.98029
2.98029
4.22403
4.98325
5.07393
5.07393
3.77393
4.30214
3.14943
3.14943
3.03112
2.8666
2.23551
2.23551
1.59091
2.54292
3.7776
3.7776
2.95366
3.93732
4.51498
3.77006
3.61051
4.54244
5.38422
4.13445
4.13445
5.1303
5.04626
5.36544
5.33419
6.50085
6.50085
6.64498
6.60606
6.87521
7.21167
7.85368
6.98863
6.92309
6.49333
6.31865
6.94652
5.4943
5.52254
5.52254
4.33614
3.87112
3.80352
3.05192
2.17872
2.17872
2.82357
1.96271
1.96271
1.50056
1.50056
1.50056
1.43059
1.43059
1.43059
2.74269
2.59834
2.36266
2.71382
1.622
1.622
2.41595
2.41595
2.50857
2.50857
2.67297
3.06131
2.56369
3.42326
3.61743
3.61743
3.61743
4.8287
5.66384
5.66384
4.54752
4.54752
4.81321
4.81321
4.81321
4.81321
4.66237
3.91573
3.74034
4.49004
4.34603
3.69976
4.31238
4.64446
3.09236
4.3611
4.28546
4.28546
4.84408
4.2803
4.26779
3.75996
3.07751
4.20846
3.3686
3.3686
3.13286
1.974
2.13481
1.51175
1.79126
1.24233
2.3135
2.90699
3.33117
3.73274
3.73274
4.76601
5.34738
5.86163
6.46852
6.58697
7.08003
5.85954
6.82613
6.31783
5.36742
5.44355
5.63996
6.5546
6.65708
6.31085
6.47252
6.47252
6.16228
5.591
6.71839
7.35281
7.95765
8.00491
8.00491
7.38446
7.38446
7.1112
7.26624
6.80028
6.34951
5.57697
5.63341
5.97024
5.97024
5.97024
5.35952
4.95716
5.44183
4.71007
4.94153
4.92386
5.10227
5.10227
5.10227
5.58221
5.29864
5.93998
6.45615
6.45615
5.73287
5.86085
6.77623
6.15567
5.17724
5.17724
5.30231
4.51023
4.8251
4.63551
4.52511
3.29263
2.67276
3.45762
2.97903
3.07839
2.02146
2.60575
2.60575
2.60575
3.64186
2.736
1.8612
1.82233
1.82233
1.58121
2.43826
3.71515
3.71515
3.71515
4.11326
4.11326
4.11243
5.04251
4.4342
4.4342
3.81109
3.81109
3.81109
3.81109
3.60579
2.44965
2.44965
2.57201
2.33104
2.01724
1.56799
1.56799
1.56799
2.32491
1.48741
1.89936
1.89936
2.6189
3.17615
3.17615
4.27214
4.27214
4.09723
4.26526
4.26526
3.30674
2.62263
1.78906
2.24533
2.99092
3.54565
3.54565
3.33496
3.01579
2.7099
2.5311
3.02004
3.99345
3.8183
3.8183
3.8296
3.8296
4.14159
2.85864
2.68387
2.68387
2.68387
3.65142
4.5111
3.62433
2.59784
2.59784
2.59784
4.33928
4.78968
4.78968
4.78968
5.5846
4.14593
4.12376
3.08269
3.22209
2.90399
3.29784
3.29784
2.59693
2.45877
2.95442
2.95442
3.7519
3.7519
4.12968
4.12968
4.2922
4.57391
3.80212
3.59629
3.59629
3.59629
3.59629
3.59629
3.34023
3.00296
3.85568
2.48755
3.48079
3.92568
3.92568
4.31157
4.62119
3.8624
2.98985
2.98985
2.7042
3.52604
3.81709
4.19647
4.90429
5.92555
5.9044
5.78645
6.33988
6.33988
6.43026
6.75761
7.05011
7.3351
7.10636
6.75794
6.67785
6.06828
6.06828
5.89809
7.16442
7.16442
7.59275
8.42091
8.89737
8.89737
8.1202
7.51653
7.51653
6.96265
5.78693
5.78693
6.0162
5.22652
3.9852
5.13636
4.41551
4.59538
3.87164
5.14985
5.3022
4.82543
4.32689
4.32689
4.32689
4.45422
5.57556
6.41348
6.98976
7.47192
6.2309
5.44432
5.44432
4.08714
4.08714
4.70967
4.83541
5.2697
5.59715
5.59715
6.06508
5.20313
4.98003
5.07177
5.07177
4.40159
4.40159
4.40159
4.40159
3.93237
4.83877
5.41319
5.41319
6.3952
6.07005
5.43549
4.79668
4.79668
4.79668
4.79668
4.01851
4.01851
4.13493
3.79264
2.76236
3.67294
3.40611
2.9696
2.36122
3.35909
2.96695
2.77996
1.63798
2.65648
2.03496
2.03496
2.80768
2.53572
1.94653
1.13179
1.13179
1.13179
1.13179
1.72396
1.53268
2.57068
2.11087
3.11659
2.28983
1.73056
3.03129
2.55092
2.71785
4.01284
3.87565
3.87565
3.22534
3.22534
2.07162
2.50298
2.50298
2.50298
2.50298
3.21653
3.21653
2.29581
2.70971
2.35513
1.41779
1.04304
1.04304
1.84354
2.8933
1.91761
1.91761
1.92919
1.61728
2.56664
1.93589
1.93589
1.93589
3.0129
1.66785
1.5571
2.93277
3.39379
4.31742
4.31742
4.84031
4.15034
4.34351
4.25329
3.46706
3.46706
2.88487
2.88487
3.00414
3.00414
2.10869
1.60282
1.60282
2.93765
2.93765
2.93765
4.12741
4.13482
3.25507
3.25507
4.35026
4.08838
4.08838
5.60725
4.52166
4.52166
4.7097
4.13451
5.05357
5.05357
5.41297
4.86563
4.93329
4.58822
4.83046
5.27218
4.50647
3.77024
3.52347
2.92964
4.06919
4.27563
4.27563
5.23724
5.23724
4.14644
4.52225
3.48655
3.7164
3.7164
3.36236
3.36236
1.8849
1.8849
1.8849
1.8849
1.42758
1.37907
1.37907
2.41583
1.96288
1.96288
2.99644
2.47724
2.47724
1.77495
2.32422
2.32422
3.03764
3.03764
3.19503
3.19538
3.19538
3.61717
3.36903
3.91537
4.40772
3.66303
3.61632
4.58924
4.17195
3.75443
3.75443
2.82761
2.75228
2.75228
3.1945
2.6949
2.01825
2.01825
1.16922
1.16922
1.16922
2.1888
2.50691
2.50109
3.08863
2.43967
3.23826
2.84977
3.4459
3.91958
3.22298
2.9508
2.9508
3.31603
3.15573
3.14648
3.14648
3.14648
3.14648
2.52011
2.52011
2.15755
2.15755
2.48017
2.48017
3.36899
3.45864
4.42283
3.61462
3.61462
3.61462
4.4614
3.21059
3.21059
3.21059
3.21059
3.64362
3.64362
3.64652
3.64652
3.64652
3.64652
3.91548
4.70791
6.13283
6.13283
5.83292
5.83292
7.24044
6.9556
6.10084
5.57956
5.93819
5.89359
6.09547
6.94904
6.91068
8.02618
7.89492
7.61834
7.85752
7.12897
7.12897
7.29119
7.72287
7.19014
7.19014
6.74604
7.39035
7.39035
8.13868
8.13868
7.5363
8.66486
8.69763
8.75174
8.75174
9.92968
10.0526
10.0526
9.45774
9.56003
10.0267
9.84922
9.77412
10.2934
10.0883
10.7778
10.6849
11.1465
10.8488
10.2895
9.36246
9.71856
7.93047
8.60946
8.06533
8.73757
8.52477
6.92503
6.77577
7.44335
8.15423
7.49867
7.45583
7.45583
7.15701
7.15701
6.57552
6.46714
5.6949
5.84236
6.45959
7.73275
7.73275
8.29038
8.29038
7.90578
6.85574
6.20965
6.70974
7.29591
7.00436
6.25459
6.83482
6.09754
6.64112
6.43458
6.65275
6.65275
6.34501
6.11468
5.12606
5.05053
5.05053
5.39626
5.25044
5.65444
5.65444
4.98013
4.74977
4.74977
5.24544
5.5939
5.44893
4.64136
4.34668
4.32673
4.85871
3.96375
3.96375
4.72174
4.72174
5.46747
5.46747
5.30342
5.1379
5.50069
5.93652
6.68986
6.68986
7.00118
6.66249
6.66249
5.93414
6.89478
6.89478
5.93688
4.88503
4.49465
4.87468
4.87468
3.93388
3.93388
5.22371
5.14267
5.08324
4.2804
4.2804
3.74171
3.74171
3.74171
3.52719
3.15071
4.3735
4.80011
3.57866
3.38939
2.99499
3.2365
2.9869
3.77938
3.32949
4.30571
4.30571
4.45186
4.61755
3.90531
3.65108
2.81331
3.84027
3.12007
4.10281
4.39593
4.59555
4.59555
3.72979
3.09111
3.09111
3.22526
3.10499
4.01053
3.52824
4.13578
5.15839
5.73646
5.72354
5.87753
4.71143
4.74888
4.39733
5.30209
4.78426
6.35251
6.35251
6.35251
4.94118
5.5353
4.90995
4.13743
4.13743
5.08986
4.88172
4.88172
4.23712
4.75641
4.08909
4.35995
4.32252
3.38413
3.63922
4.16391
4.16391
4.19111
4.76612
5.47221
5.06017
5.06408
5.63045
5.63045
6.04224
6.17825
7.40637
6.77122
6.73598
6.73598
6.73598
6.25323
6.25323
7.49422
6.94092
6.00536
4.8919
5.55863
5.27084
6.02008
5.56942
5.70688
5.71648
5.15913
4.51392
4.75751
4.08265
3.08545
2.33141
2.77431
2.77431
2.77431
1.80035
1.80035
2.5428
2.5428
2.27109
1.92988
1.99338
1.86086
2.06789
2.62462
3.76751
4.75018
4.75018
4.10535
3.38312
3.40229
4.00023
5.09456
5.65502
5.71584
4.88364
4.68033
4.19043
5.07589
6.28276
5.75028
6.23433
6.23433
6.23433
6.01315
6.01315
6.01315
5.62677
4.43494
3.5336
4.21276
4.37009
5.36126
5.98548
5.98548
6.49097
7.34374
7.09664
6.15589
7.80373
8.32572
8.08141
7.98616
7.98616
8.95096
9.60628
9.60628
9.42532
9.42532
9.42532
8.84574
8.84574
8.19615
8.33446
8.33446
8.33446
8.2628
7.17599
6.74001
8.06746
8.06746
7.67788
7.67788
8.81028
8.1427
7.4253
7.4253
7.4253
7.4253
7.4253
8.74526
9.07044
9.22716
9.97695
9.53224
9.30968
9.40298
9.34211
8.32493
8.32493
8.32493
7.13117
6.38104
6.38104
7.30374
6.42684
6.49851
6.27431
6.27431
4.83219
4.76289
4.76289
5.23108
5.13716
5.13716
4.69769
4.88017
4.46252
4.46252
4.31856
4.89975
4.77768
4.77768
4.77768
4.59912
5.24131
4.90927
5.14
5.14
5.94797
6.9697
6.52805
5.33534
4.73016
4.89961
6.39591
6.49871
5.95563
5.95563
6.04982
5.13348
5.08337
5.29398
5.29398
5.22645
4.75377
5.74961
5.99141
4.86371
5.49175
6.11817
6.47489
6.47489
6.47489
7.0221
7.25448
7.16643
7.83583
7.66354
7.56676
7.56676
8.00622
8.67528
7.82068
6.75557
6.75557
5.90025
5.03507
5.22128
5.31152
5.65013
5.00437
5.00437
5.00437
6.37353
7.22131
6.48883
6.48883
4.96239
4.54015
