1.53181
1.54885
1.32307
1.41361
1.45177
1.46781
1.25815
1.61225
1.47843
1.68198
1.79555
1.53175
1.25013
1.41733
1.33637
1.53589
1.46614
1.56372
1.58731
2.049
1.36157
1.6297
1.40561
1.41166
1.43354
1.69791
1.36047
1.6781
1.60698
1.55974
1.48198
1.40742
1.64044
1.36487
1.54068
1.61095
1.40141
1.44802
1.60719
1.86804
1.36324
1.74955
1.3954
1.55004
1.42097
1.44457
1.59319
1.36747
1.53703
1.3681
1.55715
1.5881
1.48456
1.32102
1.50786
1.57735
1.62699
1.58271
1.46592
1.46175
1.53154
1.42639
1.60612
1.52102
1.44391
1.43433
1.42142
1.5187
1.35535
1.47881
1.47522
1.55752
1.6052
1.40982
1.48346
1.57537
1.48487
1.53741
1.6294
1.46168
1.41116
1.70239
1.2252
1.53454
1.39304
1.31568
1.55693
1.78519
1.97578
1.42984
1.6393
1.62894
1.42807
1.39434
1.42118
1.32273
1.3962
1.36328
1.36641
1.70925
1.48019
1.55916
1.50241
1.6085
1.56417
1.50056
1.35999
1.31793
1.45517
1.28997
1.44138
1.49804
1.36378
1.47618
1.48364
1.6099
1.39285
1.55303
1.57488
1.30267
1.48198
1.54887
1.4899
1.57578
1.66983
1.58857
1.45168
1.70125
1.42694
1.53971
1.40588
1.51746
1.82067
1.25277
1.45707
1.35317
1.41647
1.51894
1.24216
1.26226
1.6633
1.50468
1.56708
1.51886
1.48859
1.52281
1.45021
1.56633
1.47775
1.44318
1.40924
1.67374
1.5093
1.67713
1.60222
1.45365
1.46261
1.72976
1.44477
1.41626
1.55592
1.54843
1.745
1.90621
1.53428
1.50137
1.44628
1.59782
1.39043
1.60616
1.43837
1.27603
1.31603
1.39301
1.46306
1.48345
1.35066
1.50907
1.43336
1.55414
1.57709
1.34404
1.54589
1.65926
1.74838
1.25241
1.61539
1.43516
1.4898
1.46589
1.45945
1.71171
1.43449
1.56719
1.84517
1.41287
1.62714
1.45666
1.47025
1.56704
1.28484
1.4457
1.56045
1.6942
1.52048
1.59668
1.4576
1.37613
1.54749
1.40741
1.54245
1.37102
1.20527
1.45578
1.34176
1.29164
1.54809
1.31705
1.47296
1.76458
1.52424
1.45865
1.41001
1.51855
1.40535
1.7399
1.46379
1.41432
1.70742
1.49
1.34978
1.62471
1.46845
1.30168
1.78684
1.37535
1.40724
1.63182
1.3534
1.45546
1.42399
1.40638
1.36548
1.41994
1.22161
1.37777
1.40717
1.5644
1.57005
1.55543
1.48999
1.51546
1.46044
1.41005
1.26181
1.78894
1.42943
1.35054
1.39303
1.60558
1.56303
1.52019
1.40979
1.61659
1.29949
1.65435
1.41519
1.49388
1.63495
1.53626
1.45704
1.59097
1.35539
1.48688
1.47151
1.422
1.46555
1.63458
1.62059
1.46025
1.66668
1.57482
1.8146
1.25741
1.55756
1.52871
1.45391
1.50576
1.57702
1.26104
1.69546
1.38131
1.4154
1.52632
1.33965
1.64924
1.32614
1.50033
1.44863
1.68393
1.47014
1.3865
1.49947
1.66186
1.41487
1.35618
1.56544
1.6054
1.53648
1.64608
1.54724
1.42424
1.34017
1.59778
1.32556
1.42978
1.44761
1.39313
1.65028
1.44205
1.30803
1.62696
1.37253
1.7577
1.44915
1.69288
1.52019
1.58585
1.4741
1.62116
1.59721
1.38107
1.46993
1.7862
1.37339
1.50662
1.74386
1.60003
1.55723
1.9839
1.4112
1.47838
1.46521
1.56694
1.41435
1.65865
1.4409
1.49891
1.59777
1.46887
1.53104
1.37234
1.70863
1.39615
1.31497
1.2759
1.35708
1.59724
1.50621
1.3927
1.46943
1.72579
1.39418
1.27706
1.61436
1.54828
1.44005
1.32974
1.51983
1.74121
1.47152
1.33876
1.45156
1.78149
1.34893
1.55884
1.60907
1.40191
1.27706
1.38813
1.81859
1.25435
1.49928
1.48718
1.42901
1.72459
1.40758
1.46596
1.69797
1.47404
1.63466
1.32249
1.54582
1.5695
1.3133
1.41381
1.34936
1.40313
1.4553
1.67694
1.73699
1.24943
1.39404
1.53057
1.67581
1.45423
1.39975
1.40958
1.36028
1.90634
1.51555
1.70773
1.34517
1.49773
1.56602
1.6197
1.44388
1.52511
1.38652
1.39201
1.36968
1.31452
1.42839
1.45728
1.31075
1.46351
1.60158
1.45001
1.71226
1.50993
1.66503
1.59921
1.40795
1.4508
1.37969
1.3599
1.48048
1.42588
1.50721
1.4541
1.54385
1.44031
1.82111
1.49012
1.39396
1.5484
1.45859
1.34832
1.22755
1.23221
1.61858
1.41229
1.44597
1.31392
1.63746
1.48885
1.43031
1.41543
1.67375
1.42155
1.4212
1.48786
1.32398
1.7281
1.55634
1.41919
1.36751
1.41089
1.39489
1.43369
1.4489
1.24193
1.46595
1.62456
1.53252
1.60869
1.4187
1.42138
1.75459
1.38598
1.55297
1.33252
1.29324
1.45225
1.43048
1.64268
1.54833
1.46085
1.5068
1.44399
1.37963
1.67229
1.32042
1.43119
1.47163
1.38171
1.71886
1.69467
1.49049
1.44322
1.37313
1.56864
1.73363
1.70101
1.36059
1.35567
1.52637
1.54594
1.57597
1.42056
1.43142
1.36541
1.6424
1.52617
1.48508
1.50108
1.60036
1.76402
1.42749
1.1565
1.46957
1.54869
1.31536
1.55552
1.71901
1.48073
1.57306
1.56366
1.57847
1.51191
1.51997
1.56243
1.42254
1.80623
1.47846
1.49249
1.47479
1.53173
1.51236
1.46367
1.49772
1.60861
1.60182
1.36983
1.56468
1.37673
1.53344
1.56942
1.36408
1.44021
1.37537
1.48551
1.40724
1.46972
1.48518
1.43865
1.51782
1.68085
1.5393
1.41451
1.40067
1.45248
1.38573
1.35626
1.46313
1.54335
1.24303
1.57147
1.43437
1.49371
1.37301
1.65283
1.56204
1.35661
1.35136
1.33135
1.48117
1.64181
1.52129
1.51083
1.57558
1.6481
1.37564
1.3583
1.59502
1.50185
1.52689
1.52881
1.42431
1.54413
1.46738
1.57771
1.63796
1.48548
1.67836
1.52184
1.47392
1.46937
1.27965
1.48148
1.80764
1.5198
1.31943
1.52902
1.86124
1.5934
1.50383
1.58303
1.55855
1.43489
1.42813
1.57384
1.38537
1.35166
1.37086
1.73642
1.62883
1.42411
1.45821
1.18787
1.36278
1.57051
1.50712
1.4355
1.63777
1.37272
1.40139
1.46499
1.41779
1.5684
1.36565
1.64692
1.43595
1.41024
1.36853
1.6021
1.69718
1.56254
1.31801
1.50606
1.45292
1.32916
1.49543
1.40304
1.57125
1.37429
1.65308
1.38649
1.51026
1.42771
1.5289
1.37393
1.46322
1.45367
1.29587
1.45783
1.35102
1.45587
1.58239
1.53869
1.35962
1.46588
1.52808
1.52582
1.66095
1.59726
1.63408
1.48283
1.49517
1.45851
1.83677
1.59292
1.81512
1.24044
1.30115
1.55804
1.68641
1.41984
1.48608
1.43924
1.54864
1.33399
1.43427
1.25135
1.45742
1.32175
1.55447
1.46925
1.40073
1.5534
1.77617
1.63892
1.39708
1.56278
1.72527
1.54456
1.6011
1.28578
1.7475
1.42946
1.44428
1.42475
1.65145
1.55794
1.71266
1.46433
1.43252
1.59724
1.35498
1.42498
1.30003
1.36449
1.28388
1.49425
1.44412
1.3474
1.38197
1.32225
1.59738
1.48167
1.52994
1.69953
1.25888
1.61343
1.55096
1.45723
1.77536
1.48679
1.4977
1.50536
1.68756
1.84236
1.62329
1.39026
1.45852
1.34437
1.49968
1.49012
1.25139
1.50971
1.57424
1.44797
1.47599
1.36642
1.35866
1.47205
1.46939
1.56863
1.47683
1.39145
1.44897
1.4171
1.58863
1.62647
1.55163
1.19799
1.75039
1.92496
1.84001
1.66186
1.33543
1.36412
1.69504
1.58078
1.65471
1.52997
1.30539
1.37003
1.44989
1.60415
1.68708
1.68007
1.402
1.36086
1.38678
1.49796
1.55378
1.69621
1.35473
1.42521
1.60291
1.50289
1.51668
1.45013
1.5473
1.33524
1.45091
1.54052
1.38951
1.42922
1.43662
1.5039
1.4493
1.2558
1.51359
1.56002
1.45412
1.53134
1.39097
1.3367
1.32455
1.59494
1.72907
1.50739
1.5442
1.40957
1.57877
1.5587
1.64913
1.53079
1.60253
1.4708
1.40199
1.34293
1.4479
1.66032
1.49646
1.31613
1.43964
1.46448
1.51218
1.61255
1.79561
1.52866
1.5227
1.41682
1.33142
1.38737
1.41491
1.42291
1.72069
1.47689
1.80485
1.59045
1.63889
1.40073
1.46243
1.57766
1.54388
1.38007
1.66116
1.65228
1.61543
1.37902
1.5608
1.388
1.67986
1.47546
1.4656
1.42033
1.59375
1.50642
1.55032
1.27082
1.46047
1.43889
1.46431
1.59733
1.4645
1.51282
1.89548
1.71372
1.3811
1.59375
1.33435
1.54103
1.47921
1.52944
1.51776
1.486
1.65336
1.76287
1.41798
1.57975
1.40221
1.33807
1.53659
1.42917
1.21727
1.4204
1.49705
1.45651
1.62203
1.42321
1.49339
1.74196
1.4479
1.25739
1.38295
1.30511
1.58984
1.62959
1.67218
1.37462
1.48967
1.31389
1.69899
1.32436
1.59119
1.57499
1.52709
1.36044
1.47996
1.48602
1.54127
1.40553
1.34357
1.5086
1.49547
1.44495
1.58274
1.60302
1.4348
1.42188
1.48048
1.24122
1.3665
1.50232
1.69237
1.32807
1.56206
1.45316
1.32119
1.55573
1.39881
1.33544
1.43875
1.71032
1.44567
1.59181
1.51498
1.50684
1.45584
1.50218
1.64669
1.67429
1.50766
1.49812
1.4358
1.32034
1.65279
1.60667
1.44498
1.45475
1.366
1.5698
1.56102
1.48641
1.63867
1.33031
1.58594
1.43858
1.62682
1.42543
1.37748
1.72236
1.59114
1.60213
1.6029
1.55799
1.58043
1.31843
1.5224
1.54311
1.32
1.48076
1.72576
1.49328
1.46066
1.57653
1.89667
1.81153
1.66875
1.35144
1.59454
1.37044
1.4903
1.39614
1.44916
1.5746
1.44252
1.43533
1.47289
1.35973
1.65807
1.4234
1.24813
1.61924
1.51553
1.57965
1.6842
1.47916
1.50747
1.50122
1.37112
1.34085
1.569
1.3834
1.26452
1.5376
1.51589
1.49491
1.38413
1.51151
1.51111
1.53872
1.46776
1.39014
1.44637
1.37306
1.43167
1.58405
1.65411
1.52496
1.81501
1.42928
1.54129
1.58913
1.26686
1.56449
1.41223
1.39741
1.58971
1.45224
1.54657
1.35731
1.65236
1.29831
1.52014
1.73695
1.62732
1.39494
1.5276
1.66117
1.55665
1.4992
1.52331
1.59998
1.51452
1.33265
1.46687
1.39978
1.56544
1.37133
1.61884
1.35
1.45727
1.56521
1.71691
1.47425
1.49556
1.5837
1.40583
1.37576
1.42797
1.23084
1.64569
1.55682
1.44882
1.40743
1.54831
1.42292
1.38421
1.54739
1.59898
1.40065
1.62922
1.50103
1.56309
1.40593
1.53881
1.28851
1.54426
1.68982
1.42343
1.4588
1.36026
1.58141
1.57185
1.65403
1.52724
1.60083
1.60726
1.63948
1.47882
1.54339
1.48263
1.53653
1.46182
1.58602
1.63446
1.52862
1.76425
1.35478
1.69258
1.57187
1.53059
1.76039
1.33959
1.58524
1.44106
1.27944
1.37068
1.38788
1.72128
1.59031
1.42647
1.47407
1.40596
1.33544
1.49456
1.4947
1.63729
1.43951
1.42682
1.54782
1.26785
1.33446
1.42204
1.47008
1.56322
1.44784
1.51152
1.70102
1.36184
1.3977
1.60867
1.41341
1.57997
1.57428
1.67542
1.4082
1.60602
1.48536
1.46964
1.59294
1.39684
1.60408
1.47831
1.44346
1.71493
1.70818
1.42681
1.55809
1.32486
1.3801
1.46297
1.37347
1.4662
1.71382
1.41292
1.63151
1.46687
1.39317
1.47939
1.48839
1.4753
1.65612
1.40545
1.7621
1.60222
1.4899
1.74703
1.34295
1.43494
1.59934
1.57653
1.73789
1.4115
1.54965
1.46189
1.50439
1.53626
1.45388
1.41202
1.38992
1.55073
1.60072
1.68005
1.46695
1.45377
1.49558
1.43546
1.49758
1.37099
1.56828
1.43758
1.52544
1.70629
1.4426
1.53365
1.4191
1.50125
1.66482
1.43642
1.30299
1.51489
1.56399
1.46939
1.4379
1.55589
1.4968
1.36271
1.47888
1.48503
1.60491
1.36629
1.5292
1.53539
1.27083
1.73302
1.7988
1.3917
1.7816
1.64509
1.4346
1.39108
1.33141
1.29428
1.45262
1.65902
1.34288
1.71313
1.53964
1.42021
1.50932
1.48036
1.38396
1.30783
1.28872
1.54714
1.33052
1.56395
1.47536
1.41173
1.51099
1.36638
1.73822
1.81268
1.46301
1.45925
1.43359
1.62727
1.57706
1.37737
1.57419
1.56714
1.23577
1.65269
1.48508
1.47557
1.37941
1.5202
1.34162
1.7409
1.37474
1.43548
1.53934
1.64239
1.23958
1.62266
1.79234
1.43576
1.50553
1.37618
1.56633
1.57457
1.30536
1.42248
1.23025
1.19848
1.45736
1.51156
1.49652
1.18
1.48626
1.7296
1.48423
1.42957
1.43385
1.52184
1.5522
1.59628
1.3042
1.28227
1.73291
1.73101
1.55412
1.45408
1.19053
1.35095
1.46228
1.34666
1.59314
1.58764
1.58097
1.42389
1.46246
1.42545
1.39141
1.35577
1.42017
1.22896
1.72924
1.37035
1.82564
1.65548
1.47885
1.49236
1.61436
1.49967
1.60561
1.51116
1.23237
1.50738
1.46036
1.42568
1.58005
1.50427
1.50498
1.46097
1.41387
1.60072
1.5683
1.52062
1.61546
1.70641
1.50525
1.45485
1.74439
1.82211
1.81708
1.52632
1.74729
1.30307
1.42831
1.41264
1.85401
1.7102
1.5804
1.61508
1.53537
1.4059
1.30992
1.26358
1.29758
1.81106
1.58058
1.48667
1.33081
1.26804
1.58023
1.31766
1.24365
1.48995
1.64093
1.45365
1.45347
1.3496
1.30256
1.40497
1.65191
1.42335
1.64676
1.62651
1.59051
1.49028
1.6715
1.44835
1.43657
1.76602
1.34298
1.47104
1.59609
1.56769
1.67948
1.67177
1.72908
1.48986
1.4335
1.62279
1.47197
1.36607
1.44796
1.21756
1.57602
1.57465
1.39636
1.35245
1.55865
1.38604
1.36663
1.34946
1.44874
1.36098
1.47592
1.41914
1.51391
1.39181
1.45719
1.7042
1.23832
1.66506
1.68508
1.53048
1.48595
1.20791
1.41859
1.69543
1.3458
1.37556
1.59958
1.46597
1.49205
1.29236
1.52923
1.41476
1.5
1.36682
1.52376
1.60042
1.51483
1.72683
1.36874
1.52185
1.476
1.54927
1.50752
1.7112
1.59636
1.60613
1.43541
1.78609
1.45705
1.52434
1.45793
1.40959
1.46341
1.23857
1.65061
1.41163
1.45025
1.4901
1.49801
1.56071
1.71011
1.50127
1.50406
1.65388
1.25941
1.65798
1.38818
1.49706
1.5977
1.70529
1.47739
1.50371
1.45129
1.61359
1.93846
1.50757
1.46338
1.36541
1.52777
1.50535
1.3685
1.46876
1.56779
1.5553
1.50731
1.53507
1.46349
1.62222
1.43965
1.37974
1.42863
1.57288
1.49973
1.47223
1.73478
1.50631
1.42635
1.3059
1.3548
1.55695
1.52391
1.5047
1.48347
1.39943
1.24902
1.51638
1.48312
1.36985
1.3059
1.87727
1.64667
1.59494
1.34462
1.3374
1.60493
1.62246
1.46211
1.55226
1.5341
1.61452
1.69999
1.69469
1.3782
1.46162
1.4471
1.53367
1.55241
1.43049
1.43953
1.47448
1.47507
1.7302
1.49103
1.45069
1.54379
1.4536
1.50842
1.25443
1.39992
1.43857
1.40254
1.61321
1.46222
1.5919
1.41869
1.47976
1.45297
1.58123
1.31635
1.63963
1.56228
1.65658
1.38594
1.25989
1.30814
1.35979
1.4046
1.53979
1.597
1.51502
1.73437
1.55397
1.49176
1.34277
1.48281
1.83511
1.33256
1.68562
1.44615
1.40392
1.57464
1.45683
1.33159
1.4697
1.49901
1.51186
1.49674
1.47372
1.49931
1.6108
1.59177
1.43647
1.6376
1.79318
1.41642
1.44966
1.74662
1.34085
1.38196
1.64475
1.28053
1.54077
1.71363
1.53566
1.40105
1.45802
1.69322
1.49346
1.53237
1.50657
1.49539
1.57825
1.42251
1.22421
1.29288
1.52085
1.87614
1.7563
1.63783
1.43
1.57125
1.49515
1.33629
1.64499
1.7049
1.66564
1.40799
1.72737
1.39034
1.62006
1.43141
1.33354
1.55735
1.55167
1.40069
1.43608
1.40911
1.45864
1.58973
1.45875
1.60058
1.40876
1.53278
1.46527
1.57681
1.31685
1.38945
1.42829
1.47822
1.61805
1.53597
1.60258
1.66074
1.37361
1.45355
1.45132
1.61929
1.4186
1.45871
1.31628
1.42498
1.6722
1.49088
1.45796
1.56391
1.56538
1.60151
1.57174
1.52681
1.66165
1.7567
1.82567
1.56607
1.63531
1.62875
1.58221
1.51827
1.46009
1.49376
1.50955
1.51182
1.51922
1.25256
1.57656
1.25287
1.42752
1.45595
1.86916
1.54966
1.61548
1.50978
1.5878
1.52031
1.50612
1.46512
1.51058
1.36891
1.5737
1.38257
1.37722
1.17301
1.82092
1.40839
1.54941
1.61542
1.41213
1.43354
1.41915
1.43704
1.33894
1.62617
1.53676
1.43333
1.67318
1.45176
1.85522
1.41771
1.47253
1.42469
1.37156
1.40867
1.31918
1.62092
1.51938
1.40959
1.29092
1.43378
1.40203
1.50205
1.3502
1.46132
1.37898
1.50124
1.64625
1.36377
1.60998
1.63117
1.70015
1.5237
1.56913
1.42369
1.30615
1.67842
1.62254
1.67855
1.51513
1.45823
1.47116
1.51945
1.83294
1.5211
1.28134
1.45152
1.66654
1.49942
1.33478
1.73616
1.39346
1.63221
1.63204
1.55356
1.36456
1.43016
1.48585
1.44748
1.39127
1.58477
1.56917
1.5716
1.62554
1.66956
1.59017
1.57709
1.46278
1.55835
1.53579
1.66794
1.43815
1.39243
1.4877
1.38397
1.5702
1.46346
1.75333
1.35733
1.4711
1.37133
1.30408
1.69902
1.40815
1.53037
1.68016
1.57304
1.44627
1.40773
1.30452
1.48947
1.50855
1.55149
1.58083
1.30221
1.36206
1.51136
1.75096
1.35797
1.42115
1.60675
1.611
1.42104
1.42684
1.44747
1.5398
1.59007
1.38996
1.66645
1.47127
1.46792
1.49872
1.49181
1.42985
1.58608
1.57957
1.51054
1.55085
1.3607
1.36078
1.51616
1.60734
1.50931
1.55219
1.37145
1.41825
1.82501
1.49376
1.53792
1.6129
1.51447
1.39534
1.40376
1.43717
1.42881
1.64473
1.42921
1.31785
1.41533
1.54758
1.49932
1.57149
1.22816
1.38464
1.51167
1.37609
1.44205
1.47077
1.6251
1.4626
1.40176
1.27366
1.51472
1.45637
1.88121
1.51215
1.5006
1.36656
1.45229
1.27761
1.56523
1.72868
1.33107
1.46301
1.62419
1.47173
1.55994
1.40613
1.5066
1.5021
1.64603
1.39663
1.80833
1.46788
1.5551
1.53181
1.49124
1.56774
1.70034
1.44955
1.65118
1.48824
1.48979
1.33385
1.68778
1.53062
1.40438
1.68215
1.53122
1.55509
1.62687
1.50348
1.55313
1.63592
1.601
1.54762
1.6797
1.4821
1.609
1.46303
1.35483
1.51544
1.45542
1.49866
1.35276
1.35209
1.8492
1.46686
1.53766
1.9797
1.73541
1.55761
1.54997
1.39377
1.42311
1.53454
1.58216
1.55809
1.38351
1.71765
1.35927
1.39669
1.79839
1.44508
1.49978
1.59598
1.4082
1.37894
1.43083
1.59401
1.3399
1.4805
1.44329
1.65436
1.53159
1.35599
1.63288
1.47119
1.34504
1.47642
1.59946
1.22476
1.55751
1.35005
1.49865
1.44797
1.34413
1.7228
1.49435
1.66258
1.60665
1.28571
1.44274
1.32338
1.61453
1.72035
1.6881
1.40324
1.4889
1.35236
1.35046
1.50412
1.54363
1.47505
1.47432
1.52471
1.86339
1.43467
1.27525
1.63676
1.64449
1.3944
1.47631
1.29355
1.43522
1.41633
1.48542
1.69791
1.36792
1.31563
1.40888
1.5516
1.61621
1.58689
1.54811
1.60867
1.39493
1.56522
1.29777
1.41501
1.54519
1.40057
1.45064
1.53534
1.44503
1.44449
1.42127
1.48382
1.66727
1.57579
1.67499
1.29835
1.49922
1.48924
1.43561
1.28481
2.01287
1.53231
1.56547
1.45111
1.41083
1.30554
1.39799
1.92428
1.42566
1.43645
1.49243
1.31127
1.76053
1.27114
1.41574
1.49055
1.39313
1.584
1.48646
1.22379
1.51272
1.37569
1.57404
1.63203
1.31916
1.30908
1.57483
1.66788
1.48322
1.49413
1.4053
1.30394
1.57066
1.46676
1.50054
1.37323
1.33216
1.25209
1.64493
1.43414
1.35954
1.51171
1.42856
1.44329
1.26124
1.5407
1.55738
1.34382
1.32704
1.34637
1.61191
1.44588
1.43828
1.32075
1.43133
1.31326
1.32426
1.53173
1.27651
1.73118
1.41041
1.63092
1.38143
1.46906
1.48684
1.47026
1.68889
1.46388
1.6402
1.57537
1.43109
1.49051
1.58724
1.58228
1.5414
1.38512
1.2271
1.59101
1.56111
1.61395
1.82281
1.5432
1.55232
1.45413
1.65626
2.04396
1.4845
1.43607
1.73419
1.49026
1.4851
1.48133
1.58542
1.42584
1.71204
1.57547
1.5944
1.53249
1.43615
1.19203
1.48282
1.45891
1.47308
1.37508
1.56777
1.705
1.27021
1.3236
1.60728
1.45662
1.51231
1.67315
1.47767
1.55843
1.71025
1.47789
1.35325
1.69036
1.48372
1.36752
1.70557
1.47975
1.34158
1.63169
1.79698
1.5153
1.29875
1.52085
1.46478
1.63335
1.33932
1.54635
1.70967
1.4575
1.577
1.36411
1.48014
1.43153
1.35046
1.69683
1.41822
1.63
1.40048
1.49426
1.57622
1.34168
1.43734
1.33167
1.10106
1.82861
1.33956
1.42379
1.60619
1.59762
1.46325
1.51431
1.30072
1.36718
1.47844
1.48725
1.61576
1.28061
1.52581
1.53219
1.36016
1.53606
1.26533
1.41941
1.45672
1.58939
1.39251
1.23698
1.58829
1.42536
1.55086
1.31198
1.54337
1.39279
1.3995
1.38185
1.7685
1.56948
1.60517
1.35236
1.60387
1.45593
1.5005
1.58926
1.56889
1.59886
1.55476
1.45268
1.59625
1.50429
1.39654
1.33054
1.53481
1.56985
1.44455
1.5492
1.56191
1.44381
1.51639
1.55422
1.27922
1.52946
1.59753
1.25978
1.57695
1.53793
1.45651
1.45502
1.45023
1.66346
1.40107
1.54712
1.47275
1.47653
1.67702
1.5459
1.46912
1.58039
1.3753
1.40659
1.41463
1.58375
1.4268
1.43391
1.4603
1.41719
1.39305
1.40775
1.42369
1.46682
1.35751
1.53502
1.43003
1.34181
1.26983
1.55874
1.57699
1.39886
1.48423
1.65545
1.53789
1.39687
1.6453
1.53953
1.44679
1.406
1.54439
1.69423
1.44575
1.51332
1.56098
1.45485
1.49634
1.49288
1.5769
1.42995
1.77603
1.33936
1.27021
1.76921
1.19834
1.56765
1.45808
1.47771
1.43233
1.48126
1.46826
1.30105
1.58019
1.68222
1.49828
1.36116
1.61702
1.64181
1.44922
1.37445
1.65686
1.42598
1.30361
1.40908
1.69758
1.42628
1.53179
1.40752
1.47768
1.57374
1.65418
1.41939
1.31248
1.52082
1.60452
1.67199
1.50238
1.4202
1.4667
1.56877
1.37422
1.51123
1.76615
1.39656
1.34976
1.88992
1.99069
1.43456
1.54622
1.33635
1.67404
1.31618
1.40626
1.31049
1.65537
1.58805
1.57004
1.29677
1.50001
1.64409
1.56239
1.58019
1.50173
1.47915
1.40236
1.54339
1.36642
1.69328
1.45459
1.348
1.67476
1.61313
1.46598
1.46325
1.40726
1.62768
1.6101
1.47204
1.50716
1.34609
1.62689
1.30506
1.68219
1.48112
1.48518
1.50106
1.73424
1.17949
1.56422
1.61052
1.77457
1.63024
1.29419
1.38705
1.33156
1.31823
1.40093
1.51492
1.40807
1.35895
1.27361
1.4811
1.56014
1.35175
1.68834
1.63955
1.7119
1.65323
1.45119
1.44637
1.5295
1.65452
1.68509
1.64741
1.60647
1.5106
1.35061
1.39725
1.54521
1.70963
1.64847
1.49313
1.53755
1.42111
1.52514
1.60508
1.55003
1.61257
1.50458
1.42533
1.7955
1.52044
1.5113
1.9029
1.46239
1.50875
1.42815
1.43945
1.4393
1.53758
1.42479
1.74466
1.42079
1.26165
1.45679
1.39755
1.53993
1.62784
1.34027
1.60503
1.29858
1.57478
1.66093
1.52755
1.45058
1.52328
1.54924
1.4835
1.35629
1.4893
1.35653
1.22594
1.44727
1.42605
1.80508
1.50956
1.35318
1.61892
1.40102
1.44382
1.3715
1.62604
1.34496
1.3656
1.45868
1.3619
1.75813
1.66278
1.33961
1.59256
1.51778
1.79904
1.5744
1.58263
1.45207
1.52784
1.71926
1.40096
1.58477
1.47135
1.60557
1.62864
1.30918
1.26033
1.40519
1.5745
1.34904
1.55333
1.39933
1.76304
1.58851
1.48716
1.52905
1.55189
1.74665
1.41893
1.48162
1.50088
1.78006
1.68213
1.34862
1.68475
1.53247
1.3403
1.5332
1.53832
1.45672
1.762
1.54519
1.48746
1.40222
1.43657
1.56707
1.4267
1.54682
1.47314
1.62871
1.45853
1.44365
1.32196
1.40398
1.34649
1.61434
1.3477
1.42855
1.58953
1.32175
1.62942
1.56973
1.42188
1.44023
1.44716
1.332
1.59901
1.47947
1.47637
1.41906
1.59276
1.54821
1.43878
1.37149
1.51195
1.50809
1.41341
1.38983
1.50211
1.47873
1.25158
1.60189
1.46686
1.35739
1.44237
1.47262
1.54589
1.55958
1.51665
1.44732
1.50061
1.56992
1.60672
1.59931
1.5708
1.53791
1.75728
1.51303
1.29516
1.48049
1.45231
1.53258
1.5979
1.53619
1.50515
1.42678
1.42912
1.74074
1.43583
1.4534
1.69054
1.35927
1.44747
1.46373
1.25758
1.43054
1.534
1.45201
1.50078
1.93634
1.5712
1.60791
1.52977
1.58626
1.49584
1.38378
1.79984
1.40645
1.40463
1.29568
1.36999
1.6008
1.51408
1.46671
1.42303
1.50245
1.49059
1.47791
1.40757
1.53561
1.51851
1.23411
1.65915
1.43415
1.72535
1.48065
1.33974
1.45035
1.23542
1.60314
1.68533
1.51277
1.48608
1.46001
1.76428
1.6618
1.55333
1.41589
1.46922
1.58179
1.45068
1.66083
1.4648
1.32848
1.47662
1.68386
1.73941
1.53492
1.35553
1.24936
1.57813
1.43672
1.37777
1.41237
1.48902
1.36465
1.43551
1.52805
1.43253
1.63995
1.48992
1.40211
1.57231
1.38382
1.51688
1.66917
1.39073
1.3606
1.41247
1.37309
1.50337
1.53097
1.47771
1.39517
1.4865
1.46581
1.49782
1.45767
1.51649
1.48474
1.59028
1.18873
1.5832
1.53769
1.38014
1.66129
1.42726
1.46998
1.75054
1.29313
1.49834
1.29423
1.48603
1.46857
1.57906
1.19465
1.47295
1.78814
1.68312
1.53971
1.52827
1.50337
1.42467
1.58763
1.60771
1.50345
1.37937
1.58697
1.4651
1.51016
1.61085
1.62761
1.536
1.50856
1.46902
1.48503
1.56684
1.3095
1.46732
1.28083
1.35637
1.45959
1.43578
1.57372
1.49039
1.47269
1.69818
1.55142
1.37782
1.47159
1.55557
1.39712
1.58444
1.4881
1.43656
1.72525
1.48333
1.53695
1.41224
1.37099
1.48641
1.46013
1.62196
1.47335
1.50014
1.43604
1.40691
1.41179
1.48772
1.37054
1.4036
1.58033
1.46706
1.47476
1.36154
1.47498
1.43015
1.26102
1.68621
1.33575
1.53218
1.49353
1.29773
1.26718
1.48049
1.62135
1.43726
1.75492
1.34486
1.41868
1.46212
1.5521
1.4195
1.46412
1.30455
1.47348
1.57078
1.68224
1.63529
1.65408
1.46584
1.51355
1.47179
1.56157
1.263
1.69043
1.91295
1.57461
1.61531
1.65025
1.54345
1.42895
1.75329
1.68541
1.40039
1.57789
1.39832
1.48064
1.39421
1.45574
1.65975
1.54649
1.52086
1.43692
1.66698
1.48959
1.50154
1.68094
1.82611
1.54453
1.48275
1.32909
1.42042
1.82111
1.59646
1.48053
1.70954
1.49763
1.4732
1.45254
1.58616
1.4449
1.4339
1.51271
1.38484
1.4281
1.69309
1.42648
1.55776
1.46382
1.58251
1.28328
1.45162
1.45565
1.48076
1.68014
1.46324
1.52099
1.45198
1.36076
1.39896
1.47376
1.40421
1.39528
1.49117
1.45703
1.503
1.59562
1.36572
1.64498
1.57402
1.7168
1.42546
1.44419
1.38954
1.44788
1.49264
1.48768
1.64054
1.26495
1.58964
1.25527
1.44776
1.31953
1.25305
1.52892
1.65487
1.47518
1.59867
1.52396
1.64572
1.6721
1.52419
1.37598
1.59367
1.48021
1.36607
1.49843
1.61138
1.6139
1.47322
1.6323
1.3863
1.49344
1.46224
1.4797
1.39924
1.51224
1.37793
1.3684
1.55467
1.61763
1.38741
1.3577
1.38679
1.60294
1.4967
1.36385
1.57593
1.49801
1.36522
1.42631
1.22513
1.39689
1.52204
1.43031
1.40556
1.57648
1.45465
1.66265
1.57729
1.46072
1.39239
1.44751
1.50358
1.56131
1.40493
1.45953
1.31716
1.29805
1.35078
1.47565
1.55008
1.70309
1.57263
1.60106
1.56735
1.48409
1.29698
1.81111
1.61222
1.3151
1.74755
1.33589
1.42886
1.49678
1.48086
1.74828
1.24747
1.40619
1.56467
1.45946
1.78369
1.34567
1.50411
1.49062
1.30785
1.47274
1.69633
2.00023
1.66602
1.66807
1.3347
1.54859
1.5066
1.81426
1.59163
1.46215
1.50084
1.38207
1.37054
1.44536
1.53008
1.43704
1.49386
1.53622
1.55311
1.35234
1.43041
1.63829
1.77573
1.49223
1.58341
1.59954
1.36327
1.40837
1.44233
1.36014
1.33996
1.38575
1.32529
1.29951
1.41423
1.52309
1.68465
1.89133
1.60386
1.60363
1.45047
1.79804
1.55849
1.39278
1.31901
1.36602
1.35752
1.57249
1.52699
1.40443
1.45886
1.42148
1.50184
1.61863
1.49339
1.3509
1.5769
1.43998
1.34524
1.34705
1.65903
1.72062
1.46947
1.61041
1.87445
1.64443
1.46988
1.4616
1.42204
1.51095
1.35869
1.3759
1.17578
1.51346
1.57281
1.41128
1.45495
1.38007
1.24706
1.50444
1.55726
1.4939
1.53408
1.4434
1.4728
1.43865
1.55068
1.38972
1.53813
1.36556
1.51311
1.53094
1.46222
1.49715
1.65142
1.44963
1.36448
1.58057
1.40286
1.66561
1.617
1.54169
1.66112
1.4397
1.4704
1.457
1.6032
1.38549
1.72306
1.69622
1.40435
1.45881
1.26934
1.54325
1.47587
1.59893
1.36422
1.53241
1.55275
1.5376
1.41939
1.64805
1.70115
1.50106
1.50283
1.58769
1.57067
1.53114
1.20265
1.50434
1.43005
1.20245
1.47203
1.34104
1.46925
1.61288
1.31306
1.55937
1.50194
1.51529
1.37634
1.493
1.47675
1.61559
1.54762
1.6926
1.42822
1.44066
1.62855
1.54868
1.42404
1.5663
1.4127
1.45605
1.33572
1.34142
1.49619
1.46559
1.71619
1.66997
1.63995
1.62906
1.29395
1.54448
1.46107
1.49835
1.49597
1.42375
1.57065
1.42724
1.33744
1.53421
1.71673
1.53936
1.32451
1.52242
1.3518
1.41458
1.62516
1.47449
1.48764
1.45056
1.54242
1.74691
1.50508
1.47653
1.54457
1.37306
1.38473
1.65787
1.5507
1.41335
1.60605
1.53958
1.52317
1.46085
1.51621
1.47594
1.49944
1.44681
1.42743
1.43352
1.25395
1.4999
1.71028
1.41117
1.54311
1.56048
1.34958
1.49653
1.37401
1.44254
1.44345
1.47513
1.43479
1.5519
1.3817
1.55339
1.5561
1.39676
1.67883
1.70304
1.64136
1.48035
1.42459
1.57234
1.60221
1.40713
1.51038
1.56506
1.59305
1.36382
1.37586
1.79122
1.63062
1.53124
1.59738
1.2794
1.47545
1.41352
1.4852
1.60639
1.4425
1.42929
1.40647
1.63503
1.55358
1.48582
1.69407
1.34079
1.42518
1.62735
1.32338
1.52318
1.35326
1.54228
1.43501
1.64788
1.44488
1.56963
1.61365
1.48411
1.3958
1.47942
1.4108
1.60459
1.5364
1.46809
1.48404
1.56838
1.26765
1.40876
1.27635
1.34343
1.39696
1.50054
1.89727
1.56163
1.50193
1.545
1.62291
1.62762
1.64535
1.55054
1.30521
1.51054
1.43878
1.43868
1.49124
1.46249
1.45108
1.39372
1.36858
1.51527
1.39818
1.42486
1.42186
1.49282
1.66922
1.69292
1.36972
1.72519
1.48741
1.58765
1.46486
1.47328
1.60823
1.64439
1.61761
1.52714
1.54363
1.45701
1.4794
1.45606
1.53028
1.19821
1.50932
1.49173
1.64989
1.37988
1.46587
1.71724
1.45615
1.45866
1.49551
1.5935
1.33509
1.43371
1.57987
1.57323
1.44192
1.30685
1.31301
1.55916
1.69764
1.33509
1.36619
1.34715
1.50825
1.35055
1.43721
1.30109
1.16469
1.60963
1.44842
1.69778
1.57452
1.34626
1.47383
1.39292
1.3411
1.50741
1.39042
1.5214
1.46147
1.31618
1.5065
1.36606
1.2756
1.52363
1.50279
1.38882
1.71494
1.62745
1.34632
1.50456
1.51496
1.56803
1.58856
1.53142
1.26488
1.25075
1.477
1.48095
1.60838
1.63165
1.31566
1.44024
1.61963
1.34597
1.47645
1.37312
1.5075
1.35387
1.67818
1.45824
1.45888
1.52282
1.17738
1.27864
1.38518
1.62396
1.54943
1.37737
1.50208
1.4611
1.58031
1.50941
1.54289
1.47562
1.64503
1.31726
1.47759
1.57837
1.41456
1.33778
1.50825
1.63261
1.79872
1.53186
1.54083
1.61127
1.47195
1.27278
1.53935
1.55582
1.44678
1.68557
1.51851
1.49046
1.50116
1.6804
1.61126
1.55929
1.38566
1.3619
1.38542
1.49192
1.56106
1.42012
1.53785
1.3819
1.30305
1.76714
1.45285
1.50373
1.52361
1.30072
1.41939
1.72974
1.44663
1.45386
1.49142
1.46718
1.4124
1.44922
1.71726
1.37519
1.38858
1.53295
1.42761
1.51418
1.3502
1.27189
1.48567
1.50068
1.56436
1.47095
1.45034
1.78283
1.49034
1.3843
1.30609
1.62604
1.3246
1.53991
1.29881
1.28351
1.59734
1.43624
1.56248
1.49835
1.40687
1.47848
1.50802
1.45569
1.50307
1.37574
1.49493
1.5197
1.34816
1.3588
1.40765
1.62985
1.80486
1.36172
1.43019
1.79551
1.33285
1.33407
1.72943
1.42348
1.52765
1.51635
1.32379
1.52568
1.44864
1.35296
1.45377
1.36778
1.6302
1.41589
1.49963
1.51215
1.56122
1.6462
1.50786
1.46055
1.4063
1.62294
1.44527
1.53368
1.62291
1.65086
1.35657
1.53179
1.40286
1.58716
1.46863
1.36125
1.70847
1.56479
1.69961
1.48368
1.54948
1.48307
1.34508
1.63617
1.53325
1.68957
1.58332
1.41747
1.35496
1.34993
1.65436
1.76196
1.46665
1.46042
1.43356
1.33267
1.35024
1.76352
1.50686
1.36941
1.58408
1.45901
1.47244
1.57093
1.51104
1.44982
1.58872
1.41498
1.51362
1.54058
1.81378
1.54879
1.64564
1.40511
1.51734
1.63645
1.61728
1.33053
1.52944
1.4428
1.42173
1.43751
1.60585
1.47351
1.36724
1.53995
1.46536
1.6791
1.51469
1.5197
1.5116
1.32183
1.60185
1.60513
1.51633
1.43577
1.45358
1.39151
1.50709
1.42268
1.41701
1.49474
1.49108
1.51101
1.31209
1.42739
1.35314
1.39889
1.61272
1.52859
1.43448
1.5957
1.64383
1.56465
1.34101
1.29341
1.49476
1.55688
1.31957
1.40079
1.58088
1.52665
1.46258
1.43125
1.48922
1.45216
1.61955
1.64466
1.69068
1.50596
1.6105
1.68383
1.48143
1.37168
1.52974
1.8037
1.54464
1.46123
1.14339
1.62065
1.34956
1.48349
1.4749
1.5815
1.55668
1.56966
1.58639
1.83214
1.58274
1.55173
1.49989
1.34427
1.54704
1.432
1.71254
1.50031
1.54789
1.66425
1.57294
1.56733
1.35508
1.53346
1.58527
1.58749
1.34097
1.46185
1.34545
1.45294
1.44896
1.39361
1.53379
1.4152
1.59829
1.8992
1.47514
1.53945
1.56898
1.62645
1.48407
1.51971
1.5096
1.6426
1.70071
1.30553
1.55729
1.45834
1.41823
1.64746
1.37394
1.41523
1.40827
1.35833
1.52243
1.37705
1.35865
1.55722
1.35862
1.50488
1.37944
1.55313
1.32268
1.60725
1.55159
1.30512
1.60177
1.34907
1.59157
1.49762
1.51504
1.40165
1.54746
1.67719
1.56902
1.73264
1.5996
1.75044
1.54655
1.40775
1.42704
1.55312
1.34717
1.38562
1.16774
1.2922
1.51097
1.39756
1.70465
1.50127
1.53125
1.49378
1.29034
1.36377
1.55388
1.31093
1.44853
1.40228
1.56842
1.48205
1.30466
1.60773
1.63032
1.73508
1.67683
1.49027
1.34369
1.6162
1.42601
1.52109
1.61701
1.55808
1.63018
1.54397
1.40922
1.59989
1.59605
1.63113
1.49842
1.80961
1.3914
1.40594
1.29524
1.5923
1.40727
1.46462
1.50686
1.51063
1.42006
1.36411
1.63777
1.32001
1.52403
1.48812
1.42948
1.5309
1.51653
1.42349
1.61533
1.45626
1.47812
1.52554
1.57625
1.51084
1.4095
1.40077
1.65883
1.38536
1.33004
1.20473
1.50725
1.45515
1.32141
1.52386
1.5112
1.49511
1.37569
1.28582
1.33764
1.53021
1.45964
1.23705
1.49873
1.63991
1.55333
1.31988
1.405
1.34363
1.44918
1.67245
1.8369
1.33239
1.64613
1.68772
1.53584
1.40138
1.5386
1.37023
1.47286
1.25679
1.59902
1.65819
1.38285
1.75617
1.40472
1.40268
1.4126
1.89595
1.39205
1.51309
1.48213
1.59543
1.41556
1.52857
1.535
1.40781
1.48304
1.65435
1.56331
1.53313
1.48076
1.58402
1.42991
1.37806
1.39926
1.60389
1.3331
1.31614
1.65201
1.74607
1.48306
1.28888
1.76675
1.40546
1.50412
1.92019
1.4633
1.53715
1.58905
1.50606
1.39479
1.43237
1.55524
1.42802
1.54203
1.42187
1.81608
1.55858
1.53741
1.40699
1.62282
1.48933
1.29589
1.4871
1.6129
1.50358
1.46568
1.57208
1.56731
1.54122
1.37124
1.55937
1.55821
1.32541
1.59773
1.69684
1.63107
1.27398
1.56029
1.31668
1.57198
1.44117
1.4598
1.49176
1.87336
1.39838
1.55555
1.51594
1.68172
1.70098
1.46917
1.4659
1.48649
1.45441
1.60362
1.58997
1.43821
1.49165
1.55564
1.62753
1.40275
1.69873
1.31457
1.69731
1.49886
1.75155
1.49092
1.37161
1.37571
1.60774
1.63564
1.40119
1.58143
1.51737
1.48456
1.52857
1.60974
1.5615
1.50781
1.40352
1.7731
1.53933
1.47937
1.53857
1.53844
1.50885
1.67146
1.39406
1.4155
1.6637
1.54942
1.81172
1.5793
1.43492
1.33433
1.4394
1.56412
1.34411
1.568
1.43097
1.55031
1.32401
1.40211
1.51077
1.58536
1.58585
1.48299
1.42523
1.52879
1.40793
1.69121
1.49247
1.72073
1.42875
1.48971
1.41798
1.46293
1.50538
1.65874
1.3952
1.43734
1.39918
1.55715
1.69717
1.36424
1.41963
1.57059
1.66078
1.51252
1.2799
1.46923
1.53092
1.50049
1.32021
1.31839
1.5908
1.48147
1.50675
1.55485
1.54051
1.63576
1.44646
1.47182
1.4446
1.36641
1.53304
1.39089
1.46807
1.59879
1.55065
1.35636
1.55606
1.71986
1.25194
1.58997
1.52075
1.43209
1.50705
1.54459
1.52527
1.62097
1.3616
1.79006
1.35663
1.45637
1.40066
1.55469
1.3346
1.43695
1.40822
1.46369
1.37113
1.46767
1.47646
1.65957
1.46263
1.48816
1.39869
1.69649
1.55196
1.7568
1.52233
1.47764
1.48106
1.40851
1.58767
1.64831
1.36041
1.41986
1.44579
1.35643
1.40268
1.50976
1.3637
1.5293
1.57263
1.69965
1.5382
1.56761
1.59655
1.79798
1.60479
1.70538
1.33775
1.23266
1.5545
1.5506
1.58626
1.88489
1.38197
1.31848
1.44903
1.50583
1.43854
1.51315
1.47146
1.51796
1.25054
1.43056
1.47785
1.47496
1.39716
1.40996
1.39956
1.34862
1.64615
1.64311
1.71067
1.68171
1.54384
1.52814
1.54982
1.18306
1.55102
1.59708
1.50007
1.48673
1.38845
1.52419
1.53546
1.50215
1.57977
1.37988
1.626
1.58581
1.43612
1.37024
1.71021
1.5822
1.68014
1.51477
1.67686
1.50197
1.44396
1.58856
1.54843
1.5693
1.56846
1.4194
1.43642
1.58592
1.72026
1.49643
1.755
1.5627
1.45551
1.55432
1.66864
1.40793
1.37485
1.71823
1.48604
1.3759
1.43924
1.76522
1.44021
1.49154
1.274
1.54109
1.48276
1.27203
1.31795
1.40387
1.71186
1.39333
1.30959
1.60558
1.41125
1.49846
1.60074
1.25204
1.64365
1.39032
1.45819
1.22341
1.45008
1.48623
1.56142
1.40349
1.67956
1.54314
1.48737
1.33501
1.56603
1.45272
1.651
1.51678
1.54499
1.36048
1.7405
1.43537
1.45747
1.44774
1.73425
1.59339
1.53714
1.5801
1.39946
1.55696
1.61185
1.75849
1.3783
1.34432
1.35555
1.3442
1.52484
1.41448
1.54359
1.49344
1.64499
1.66837
1.49241
1.53683
1.76901
1.42528
1.23841
1.41078
1.53924
1.41431
1.47065
1.5956
1.55758
1.56495
1.33073
1.58663
1.42513
1.54633
1.52569
1.40144
1.63736
1.40386
1.49059
1.45643
1.32981
1.44099
1.49936
1.50281
1.457
1.62926
1.59699
1.47782
1.50376
1.27929
1.50072
1.75409
1.25628
1.31668
1.52939
1.65108
1.41492
1.5041
1.48136
1.42842
1.47171
1.58607
1.51796
1.89466
1.36616
1.42623
1.59669
1.45351
1.41106
1.4313
1.4767
1.60615
1.52159
1.42376
1.56546
1.56206
1.39585
1.67088
1.40319
1.53938
1.45993
1.38217
1.42462
1.97051
1.4076
1.55033
1.6602
1.5268
1.57608
1.46187
1.47375
1.61604
1.44981
1.36411
1.27252
1.52297
1.68452
1.38069
1.32467
1.47653
1.39064
1.42443
1.45558
1.3465
1.50739
1.65816
1.31398
1.38163
1.36519
1.44985
1.48008
1.65457
1.53574
1.53219
1.45399
1.36384
1.45302
1.74766
1.40567
1.66848
1.44413
1.48146
1.75915
1.54143
1.46829
1.47177
1.4159
1.44071
1.36283
1.48912
1.41112
1.49891
1.55067
1.48458
1.55396
1.64301
1.3433
1.58961
1.60339
1.67045
1.55021
1.61781
1.32615
1.47125
1.64333
1.37464
1.71267
1.38423
1.62209
1.35382
1.39044
1.49359
1.37644
1.5747
1.29711
1.42419
1.37406
2.05871
1.49606
1.56871
1.43992
1.64853
1.41892
1.71473
1.57876
1.49406
1.7011
1.34036
1.5496
1.71414
1.39179
1.2918
1.3577
1.58691
1.49315
1.3802
1.72008
1.41474
1.50255
1.56348
1.40267
1.45635
1.4031
1.68319
1.39517
1.53508
1.62441
1.64057
1.401
1.43238
1.42933
1.68466
1.79292
1.53307
1.40366
1.30577
1.33756
1.41435
1.34808
1.42377
1.58805
1.36562
1.57743
1.40785
1.64127
1.58568
1.54931
1.49231
1.51697
1.6352
1.45309
1.56522
1.43774
1.32948
1.71936
1.57337
1.56636
1.35268
1.44137
1.29376
1.5384
1.63466
1.52237
1.38607
1.52611
1.56851
1.51969
1.42074
1.59456
1.33153
1.64247
1.43156
1.58664
1.47126
1.70117
1.38733
1.60797
1.38081
1.4654
1.36475
1.33816
1.32764
1.49983
1.42048
1.48129
1.44764
1.35215
1.50546
1.56781
1.49815
1.35516
1.40893
1.63273
1.46215
1.6021
1.55387
1.46414
1.5424
1.50775
1.61214
1.39878
1.63786
1.62594
1.38332
1.55533
1.57409
1.42389
1.75206
1.4392
1.5256
1.31943
1.50955
1.52302
1.53699
1.57697
1.35568
1.53795
1.39339
1.67789
1.331
1.48229
1.51904
1.82594
1.38656
1.23132
1.56663
1.35539
1.27574
1.65542
1.53593
1.5026
1.58111
1.4501
1.65451
1.48729
1.35196
1.41806
1.78325
1.66581
1.55295
1.68848
1.33515
1.43555
1.36496
1.49903
1.38516
1.59869
1.51325
1.6782
1.58637
1.41796
1.47699
1.53144
1.49261
1.30828
1.33886
1.58852
1.46956
1.54403
1.55546
1.5403
1.51455
1.54485
1.52171
1.62407
1.32684
1.56867
1.43408
1.4635
1.37015
1.48335
1.43142
1.56686
1.38763
1.56579
1.58765
1.39593
1.32804
1.60501
1.54694
1.50029
1.5665
1.29609
1.36207
1.57264
1.55032
1.50162
1.26643
1.5125
1.59821
1.65644
1.76908
1.40507
1.6477
1.4579
1.54882
1.4995
1.23367
1.44069
1.41981
1.54364
1.47244
1.26456
1.38789
1.4034
1.52487
1.42813
1.4727
1.61574
1.41642
1.47603
1.2957
1.56961
1.50491
1.47993
1.41027
1.30849
1.54771
1.37306
1.49626
1.46735
1.45739
1.5652
1.58557
1.5137
1.613
1.63672
1.58801
1.85529
1.46586
1.50228
1.54704
1.34941
1.44938
1.48076
1.45324
1.60276
1.41452
1.27022
1.56199
1.72527
1.26046
1.37304
1.36847
1.44279
1.57719
1.38257
1.55175
1.46467
1.57303
1.38891
1.47597
1.44941
1.67085
1.49784
1.2786
1.27026
1.49277
1.50703
1.5303
1.44438
1.50461
1.39476
1.51463
1.21076
1.43576
1.42934
1.4485
1.38276
1.47625
1.50763
1.5693
1.46493
1.37173
1.65232
1.42486
1.52714
1.37611
1.46793
1.40473
1.47795
1.42254
1.39559
1.67634
1.34294
1.423
1.55015
1.33459
1.51548
1.32976
1.42253
1.47562
1.55496
1.4906
1.56063
1.40162
1.40529
1.62398
1.44033
1.31773
1.86973
1.37561
1.23395
1.3056
1.68449
1.49371
1.27402
1.46161
1.53541
1.53756
1.33864
1.34449
1.34477
1.42007
1.53261
1.46896
1.24475
1.46604
1.5291
1.50397
1.37447
1.56029
1.60418
1.61141
1.55895
1.25682
1.44216
1.53701
1.45428
1.50289
1.46601
1.35483
1.65095
1.54957
1.49827
1.74409
1.30384
1.80901
1.43154
1.51524
1.6422
1.38129
1.56449
1.32248
1.59409
1.36341
1.36742
1.40422
1.50974
1.79538
1.369
1.42713
1.58076
1.34787
1.44495
1.6701
1.57892
1.45741
1.59597
1.53217
1.4632
1.45944
1.49909
1.5819
1.4664
1.31538
1.30742
1.50241
1.67364
1.30669
1.54856
1.31629
1.3736
1.4024
1.4898
1.58737
1.67986
1.93095
1.70394
1.56187
1.59377
1.55882
1.52676
1.45877
1.35122
1.57738
1.47941
1.68286
1.61573
1.49008
1.53324
1.51269
1.30068
1.49205
1.40717
1.44911
1.60428
1.59671
1.46596
1.41076
1.59457
1.25143
1.40627
1.61851
1.4685
1.35194
1.4284
1.52759
1.51869
1.63307
1.56979
1.4512
1.43926
1.34369
1.44742
1.38998
1.54962
1.75007
1.44652
1.42527
1.40762
1.47167
1.25288
1.7372
1.33514
1.48259
1.5153
1.50269
1.41849
1.36494
1.53096
1.43238
1.50193
1.34657
1.51648
1.88592
1.53234
1.69196
1.37563
1.27561
1.48013
1.47601
1.40709
1.61758
1.28022
1.48978
1.25723
1.47427
1.5187
1.27989
1.57284
1.4937
1.38162
1.71374
1.63477
1.62548
1.40497
1.32418
1.6166
1.41224
1.43926
1.59433
1.67719
1.53846
1.77778
1.53946
1.51677
1.5344
1.52588
1.49507
1.88547
1.5754
1.37364
1.42148
1.62962
1.70677
1.38315
1.54361
1.7112
1.5856
1.47335
1.38575
1.44938
1.18822
1.53666
1.40821
1.37086
1.57601
1.52818
1.60779
1.43683
1.41311
1.2832
1.7363
1.47695
1.50307
1.88096
1.63634
1.58142
1.49697
1.7003
1.52982
1.6094
1.37308
1.45852
1.33775
1.84091
1.3553
1.31741
1.19971
1.50895
1.54012
1.58527
1.44465
1.43521
1.36921
1.5568
1.7381
1.38786
1.40849
1.39048
1.51823
1.53557
1.53628
1.5145
1.59576
1.32761
1.64101
1.52379
1.7339
1.37232
1.54396
1.52744
1.51586
1.28556
1.54325
1.56959
1.60881
1.32273
1.23444
1.86978
1.44548
1.51973
1.22983
1.53941
1.40232
1.37777
1.84196
1.52579
1.4548
1.45911
1.51107
1.32651
1.45083
1.40345
1.43488
1.54577
1.3322
1.43541
1.49981
1.85863
1.49501
1.47197
1.52492
1.71099
1.50655
1.66594
1.42378
1.43996
1.33808
1.90935
1.36451
1.35714
1.66912
1.4419
1.60983
1.80011
1.26801
1.40937
1.55294
1.67849
1.44037
1.4292
1.58981
1.39927
1.59989
1.46816
1.45113
1.32758
1.50882
1.84019
1.80774
1.73131
1.62971
1.41578
1.72619
1.53662
1.4596
1.40991
1.39133
1.58884
1.37981
1.37179
1.69779
1.32559
1.76197
1.53708
1.41557
1.59184
1.44477
1.35202
1.46107
1.5339
1.62648
1.58792
1.64639
1.5164
1.28125
1.45938
1.3872
1.36743
1.47869
1.35226
1.53024
1.23295
1.41229
1.70607
1.39241
1.64323
1.60324
1.45908
1.49963
1.29025
1.49472
1.69205
1.52267
1.65036
1.5293
1.47387
1.43456
1.48446
1.35242
1.63489
1.31386
1.37236
1.61646
1.50765
1.38476
1.6004
1.63154
1.48036
1.46036
1.80258
1.33958
1.53007
1.60778
1.45214
1.3132
1.53835
1.41571
1.25311
1.58692
1.51179
1.85238
1.62217
1.41152
1.50923
1.51414
1.49636
1.57899
1.35568
1.40675
1.48818
1.51269
1.60675
1.61896
1.49494
1.5246
1.39389
1.3387
1.70883
1.4103
1.82301
1.43364
1.38593
1.48299
1.39089
1.50606
1.35935
1.40938
1.39248
1.47026
1.47886
1.41463
1.84131
1.48564
1.6981
1.37762
1.36303
1.48785
1.49176
1.71453
1.43779
1.51428
1.29729
1.56328
1.4766
1.74912
1.51248
1.51878
1.56559
1.59893
1.55994
1.65694
1.81746
1.53456
1.29418
1.37882
1.71443
1.5087
1.65046
1.43184
1.83446
1.5721
1.25505
1.62036
1.3821
1.72487
1.49954
1.76679
1.60949
1.6196
1.37524
1.58963
1.53567
1.34599
1.62577
1.5265
1.63788
1.52305
1.37072
1.99896
1.49283
1.51504
1.59954
1.58623
1.39341
1.71213
1.32854
1.4678
1.4415
1.20943
1.4327
1.48261
1.56748
1.45489
1.51073
1.52768
1.39703
1.38833
1.59464
1.35523
1.43242
1.31655
1.29759
1.55459
1.31887
1.68348
1.63849
1.35906
1.48869
1.4289
1.55367
1.54128
1.39533
1.55096
1.69329
1.48176
1.61203
1.45373
1.53901
1.41954
1.64949
1.43159
1.48977
1.6033
1.43715
1.37265
1.45674
1.48216
1.54038
1.52681
1.46261
1.52936
1.59515
1.58381
1.34756
1.55302
1.41361
1.43803
1.45562
1.55782
1.55554
1.50332
1.68339
1.22229
1.30905
1.36206
1.66383
1.32304
1.38892
1.46548
1.44111
1.54862
1.51187
1.53189
1.32068
1.78622
1.43233
1.73313
1.56333
1.31619
1.52698
1.74902
1.71596
1.72719
1.60601
1.52958
1.61672
1.57306
1.47082
1.31704
1.52245
1.61571
1.48309
1.7658
1.46938
1.73632
1.57254
1.76292
1.63291
1.15238
1.49763
1.59944
1.21154
1.53673
1.35103
1.61666
1.4899
1.59654
1.3586
1.5264
1.34665
1.73696
1.35139
1.50882
1.3105
1.48671
1.62205
1.52808
1.69045
1.62422
1.23398
1.48511
1.6135
1.40564
1.30308
1.40644
1.50661
1.43819
1.48675
1.5001
1.69036
1.50188
1.32313
1.65617
1.49523
1.49987
1.59596
1.6064
1.34481
1.37645
1.46957
1.69368
1.50372
1.59324
1.56356
1.73357
1.46425
1.42998
1.39476
1.27064
1.45428
1.52347
1.49247
1.50631
1.52475
1.68266
1.72505
1.44086
1.21746
1.52294
1.25622
1.63973
1.31456
1.45998
1.51642
1.50841
1.51792
1.59041
1.81764
1.56324
1.47916
1.55357
1.41358
1.38477
1.60943
1.30845
1.28807
1.60893
1.527
1.45454
1.53697
1.40928
1.5654
1.52571
1.64
1.32002
1.45588
1.40007
1.57448
1.55511
1.50303
1.40294
1.54856
1.36143
1.53077
1.6632
1.63505
1.45817
1.18095
1.41084
1.32889
1.34937
1.89674
1.40715
1.49359
1.36715
1.37081
1.49526
1.49186
1.57611
1.52497
1.65302
1.33092
1.49273
1.53561
1.38447
1.6452
1.58518
1.32092
1.60562
1.65877
1.52987
1.81952
1.41101
1.58253
1.29387
1.36832
1.3891
1.44854
1.7855
1.57826
1.36593
1.4483
1.74991
1.32847
1.51651
1.58042
1.59258
1.21989
1.61656
1.45346
1.35367
1.35757
1.41362
1.31268
1.46116
1.38186
1.4329
1.71133
1.34616
1.91913
1.62824
1.46567
1.64967
1.45702
1.59777
1.44336
1.8997
1.60642
1.4936
1.51538
1.47531
1.62695
1.51377
1.43925
1.45352
1.44574
1.54785
1.55195
1.49067
1.67186
1.63075
1.38861
1.59109
1.43206
1.39128
1.57555
1.40354
1.38522
1.54522
1.27402
1.43246
1.50948
1.28777
1.36504
1.43785
1.59753
1.56065
1.4513
1.6099
1.59818
1.55425
1.54066
1.65226
1.36139
1.5256
1.48225
1.36286
1.54246
1.43885
1.48616
1.57212
1.52554
1.50856
1.48025
1.63149
1.37805
1.38239
1.4612
1.39374
1.46584
1.74961
1.45916
1.49676
1.50515
1.54722
1.57711
1.42972
1.49216
1.38054
1.69724
1.7507
1.32777
1.40724
1.51678
1.5088
1.51524
1.41156
1.61135
1.46529
1.5458
1.53827
1.40394
1.48683
1.49443
1.58555
1.62888
1.39416
1.4937
1.52306
1.4515
1.33131
1.65672
1.33039
1.49343
1.42836
1.51197
1.56901
1.42316
1.52814
1.47448
1.46898
1.54841
1.54248
1.32322
1.50946
1.59587
1.84404
1.48715
1.48836
1.6471
1.51928
1.40394
1.51606
1.35898
1.38549
1.30498
1.58484
1.53537
1.66223
1.52687
1.38446
1.67065
1.58033
1.26793
1.58574
1.24511
1.51829
1.5328
1.49146
1.19498
1.5448
1.45682
1.62949
1.48057
1.5181
1.57617
1.38972
1.3245
1.37637
1.50428
1.34447
1.44951
1.32672
1.43192
1.5722
1.56554
1.43526
1.7257
1.47091
1.40501
1.6415
1.65486
1.61493
1.48243
1.49291
1.38831
1.25202
1.60613
1.55788
1.39032
1.68782
1.69324
1.57446
1.53684
1.75667
1.65274
1.42265
1.39127
1.85032
1.75512
1.38549
1.36428
1.87613
1.43468
1.33449
1.38398
1.36263
1.39087
1.3701
1.45046
1.57893
1.62884
1.57186
1.4525
1.52038
1.54028
1.25654
1.54497
1.54454
1.48063
1.33339
1.39058
1.37801
1.53415
1.51929
1.38355
1.44549
1.59119
1.51918
1.44048
1.42574
1.70257
1.4789
1.50018
1.35706
1.53717
1.68806
1.60438
1.49421
1.40518
1.42343
1.62466
1.67436
1.64411
1.74202
1.41699
1.50489
1.41979
1.53049
1.57691
1.47196
1.61977
1.20912
1.62371
1.95789
1.33121
1.56871
1.40637
1.3783
1.83927
1.50983
1.50673
1.65494
1.44176
1.49192
1.55667
1.40614
1.51931
1.35082
1.55532
1.38955
1.52394
1.45996
1.2676
1.52366
1.44305
1.38741
1.59966
1.68998
1.36434
1.70596
1.4135
1.30434
1.57854
1.53546
1.64885
1.64272
1.59673
1.76534
1.48152
1.56935
1.61981
1.4269
1.77273
1.40696
1.38764
1.61073
1.72834
1.47529
1.3131
1.56874
1.576
1.43809
1.54498
1.63394
1.49195
1.44789
1.75583
1.3658
1.47541
1.5911
1.59696
1.44975
1.52516
1.43032
1.75449
1.31354
1.57517
1.42335
1.54682
1.62044
1.51304
1.42068
1.83468
1.71474
1.47751
1.66537
1.55915
1.38255
1.45731
1.6565
1.60788
1.39029
1.70078
1.36456
1.26891
1.38698
1.40121
1.35789
1.42117
1.52065
1.63508
1.54455
1.41967
1.29686
1.64041
1.70196
1.86435
1.5452
1.49837
1.58076
1.52297
1.46522
1.7282
1.51558
1.5046
1.67812
1.48462
1.65859
1.583
1.50446
1.42431
1.38979
1.49738
1.60338
1.43601
1.33769
1.4903
1.51555
1.20964
1.6002
1.39225
1.60687
1.5063
1.57031
1.61215
1.43366
1.46174
1.42569
1.51707
1.42103
1.51429
1.82058
1.28721
1.42908
1.29843
1.52699
1.73086
1.50615
1.62602
1.59833
1.38489
1.32902
1.45113
1.42352
1.33255
1.34197
1.42139
1.56794
1.45643
1.7163
1.53868
1.44164
1.44046
1.42673
1.39979
1.59132
1.59041
1.3521
1.31292
1.33447
1.41292
1.5171
1.44741
1.6023
1.48565
1.48261
1.65261
1.53746
1.48643
1.44151
1.4888
1.43799
1.68226
1.33193
1.29107
1.31677
1.76745
1.5364
1.54182
1.52684
1.46257
1.48364
1.46568
1.36889
1.41251
1.47069
1.28655
1.71649
1.36834
1.46881
1.63132
1.3851
1.34889
1.51046
1.50786
1.41656
1.43894
1.60875
1.48738
1.45119
1.79272
1.36232
1.196
1.49891
1.38025
1.5432
1.27827
1.52509
1.67209
1.53465
1.75319
1.3528
1.47812
1.45308
1.63342
1.54766
1.73721
1.57079
1.54863
1.56562
1.3054
1.47379
1.62121
1.69111
1.43235
1.39557
1.59479
1.35453
1.63927
1.60685
1.3951
1.81207
1.35095
1.38216
1.55333
1.36475
1.51512
1.51533
1.51817
1.48717
1.53562
1.65081
1.57234
1.36616
1.42299
1.23729
1.38301
1.72
1.48716
1.33875
1.41435
1.56823
1.68472
1.48979
1.40987
1.43152
1.39591
1.77898
1.47296
1.55353
1.35075
1.33205
1.48738
1.84482
1.47228
1.26037
1.63076
1.60702
1.3907
1.6144
1.44476
1.62672
1.64264
1.44397
1.45749
1.56412
1.33319
1.51955
1.41897
1.364
1.49031
1.37872
1.60522
1.73317
1.39047
1.50068
1.4055
1.63493
1.4749
1.43297
1.56025
1.23901
1.65891
1.61181
1.4698
1.38174
1.32462
1.50792
1.40086
1.55718
1.52834
1.50714
1.50335
1.29804
1.48455
1.54181
1.44855
1.59988
1.55159
1.5596
1.49908
1.70501
1.58889
1.34524
1.47717
1.84312
1.4606
1.57209
1.42813
1.55553
1.51426
1.3795
1.34999
1.65551
1.64194
1.51042
1.28559
1.34381
1.71588
1.3785
1.524
1.41992
1.38751
1.42016
1.65966
1.36285
1.36261
1.54317
1.4712
1.41057
1.35869
1.32394
1.6111
1.49496
1.63681
1.33964
1.56405
1.64318
1.36199
1.67842
1.49138
1.45798
1.67031
1.22465
1.55104
1.52807
1.47123
1.64965
1.27616
1.65527
1.38646
1.6223
1.38057
1.3916
1.56385
1.35029
1.46337
1.38163
1.49016
1.30289
1.33887
1.51037
1.64336
1.43634
1.65045
1.60018
1.68159
1.68823
1.56759
1.55612
1.5215
1.4549
1.56193
1.39731
1.47803
1.70849
1.71105
1.86177
1.45475
1.63116
1.53196
1.32326
1.471
1.36356
1.76037
1.51243
1.49282
1.56604
1.38806
1.51249
1.40215
1.52944
1.77498
1.39791
1.51391
1.49788
1.53103
1.48989
1.40583
1.45918
1.63711
1.46392
1.5514
1.36681
1.66081
1.32492
1.55807
1.50576
1.50667
1.47099
1.67345
1.30772
1.36367
1.2296
1.77758
1.74483
1.64115
1.47766
1.38522
1.45111
1.42397
1.46723
1.61728
1.58083
1.68191
1.58487
1.42996
1.4871
1.43441
1.62729
1.39808
1.34464
1.43945
1.56065
1.56925
1.49425
1.4492
1.54555
1.51595
1.45275
1.45071
1.54678
1.38941
1.59424
1.40707
1.72619
1.41196
1.48382
1.51791
1.49233
1.38616
1.57579
1.5258
1.76937
1.34481
1.46405
1.46703
1.62779
1.45455
1.30582
1.76444
1.53324
1.45245
1.42551
1.47979
1.45
1.59693
1.81863
1.43052
1.45356
1.76065
1.45224
1.49359
1.50546
1.42722
1.60054
1.33986
1.30929
1.33978
1.47382
1.57496
1.4272
1.34115
1.49404
1.42989
1.41186
1.50778
1.48671
1.34192
1.64982
1.3604
1.56502
1.72641
1.70526
1.71327
1.40581
1.36064
1.43505
1.43476
1.31105
1.44009
1.5525
1.73107
1.34505
1.54612
1.32462
1.37666
1.53579
1.49281
1.50779
1.39143
1.65168
1.29007
1.36074
1.44854
1.53093
1.3845
1.1682
1.50465
1.56473
1.32811
1.45059
1.31458
1.51253
1.40586
1.33549
1.47674
1.59465
1.45068
1.63586
1.43525
1.36413
1.59524
1.24408
1.64292
1.36831
1.62337
1.60043
1.44829
1.69627
1.5605
1.40752
1.4338
1.47397
1.71908
1.51994
1.57491
1.62275
1.40673
1.46681
1.37979
1.55492
1.49259
1.5922
1.58697
1.38394
1.53349
1.71527
1.45527
1.55101
1.39983
1.38659
1.32444
1.51777
1.48554
1.55676
1.50044
1.50229
1.50125
1.6161
1.87549
1.46747
1.4124
1.38229
1.47463
1.61581
1.65069
1.68513
1.4926
1.28221
1.64496
1.51046
1.68139
1.73136
1.40817
1.40058
1.49327
1.46355
1.46381
1.32639
1.53559
1.243
1.49619
1.52133
1.30471
1.45029
1.58109
1.75174
1.5459
1.48178
1.45681
1.46331
1.59217
1.63357
1.5209
1.72412
1.66889
1.5694
1.38787
1.35814
1.67253
1.44118
1.32095
1.54461
1.36427
1.55324
1.68318
1.26119
1.78326
1.6224
1.66629
1.3271
1.48731
1.39442
1.33774
1.26194
1.72556
1.56482
1.56354
1.44378
1.46417
1.51362
1.5044
1.68292
1.47711
1.83272
1.34062
1.31539
1.61582
1.43326
1.48654
1.43823
1.53794
1.5178
1.54514
1.58101
1.47509
1.61877
1.30637
1.57486
1.5202
1.25895
1.62918
1.66875
1.49956
1.49274
1.39052
1.37751
1.34486
1.46668
1.3826
1.43819
1.44161
1.54248
1.31392
1.42559
1.74246
1.33821
1.59157
1.72784
1.4904
1.38214
1.36278
1.51384
1.33581
1.40108
1.55472
1.47991
1.42852
1.46941
1.6668
1.5054
1.59351
1.48416
1.50853
1.43982
1.5746
1.35319
1.35941
1.37715
1.38835
1.32417
1.58961
1.6824
1.43579
1.32386
1.35468
1.72116
1.29677
1.44148
1.72619
1.32388
1.30075
1.45401
1.45408
1.38172
1.49806
1.28297
1.56888
1.34097
1.44098
1.44814
1.60891
1.39538
1.39601
1.47947
1.37465
1.38561
1.3453
1.50609
1.67213
1.48798
1.48129
1.54494
1.27621
1.47438
1.62479
1.60826
1.45099
1.34868
1.60781
1.59253
1.40009
1.57492
1.7886
1.47994
1.56772
1.52314
1.35056
1.43245
1.36907
1.31295
1.45906
1.26104
1.51376
1.55355
1.77519
1.81444
1.43179
1.3541
1.72286
1.59224
1.29792
1.56412
1.32495
1.35925
1.3928
1.28309
1.65259
1.46613
1.61447
1.68066
1.31165
1.30901
1.79763
1.48851
1.47696
1.64452
1.41959
1.59796
1.52286
1.44116
1.56526
1.49342
1.51774
1.40331
1.68192
1.59842
1.25174
1.49495
1.47351
1.44563
1.36868
1.4768
1.52133
1.4674
1.58454
1.43378
1.40606
1.50209
1.42471
1.28466
1.44946
1.6073
1.59701
1.48713
1.28861
1.54847
1.65086
1.60614
1.27143
1.34301
1.56799
1.32456
1.51955
1.86884
1.49008
1.31929
1.31221
1.44382
1.58764
1.55564
1.57095
1.41762
1.53349
1.64997
1.33682
1.3432
1.39297
1.41313
1.43571
1.6119
1.52715
1.47062
1.55893
1.47025
1.39825
1.30947
1.49093
1.47929
1.33035
1.67677
1.52342
1.61542
1.73058
1.47469
1.73494
1.58225
1.58178
1.89862
1.65249
1.83767
1.62581
1.34287
1.45611
1.51174
1.62799
1.97945
1.40441
1.43243
1.31827
1.27632
1.43874
1.53392
1.32559
1.34343
1.32024
1.55725
1.5329
1.43147
1.30902
1.46112
1.44879
1.42206
1.38726
1.98453
1.47923
1.43066
1.54426
1.53078
1.68157
1.61851
1.37353
1.46542
1.87408
1.53367
1.46804
1.2805
1.53574
1.55961
1.43645
1.43156
1.29916
1.41185
1.30845
1.6195
1.71506
1.46344
1.36444
1.38849
1.32519
1.4707
1.51089
1.61224
1.78991
1.42233
1.34186
1.41647
1.71112
1.58678
1.38862
1.40005
1.61307
1.39978
1.50015
1.68335
1.55583
1.44317
1.32274
1.48403
1.46279
1.55068
1.63121
1.37002
1.44561
1.44347
1.28841
1.51734
1.31814
1.39774
1.3703
1.50957
1.34554
1.47094
1.42824
1.49511
1.36217
1.831
1.39217
1.47478
1.90625
1.61137
1.58432
1.80197
1.52059
1.40782
1.39709
1.60921
1.39398
1.51624
1.54779
1.43822
1.53672
1.59167
1.38269
1.61729
1.54644
1.76681
1.56944
1.42766
1.29136
1.58865
1.74539
1.59072
1.33755
1.48214
1.64444
1.56447
1.43643
1.73807
1.43416
1.53279
1.7248
1.69739
1.50149
1.79827
1.31159
1.7764
1.4827
1.33683
1.51381
1.6255
1.46234
1.47926
1.50608
1.42252
1.74287
1.67601
1.423
1.51297
1.4205
1.28551
1.45549
1.39405
1.46891
1.50727
1.68524
1.294
1.47998
1.62468
1.45796
1.48336
1.33697
1.3898
1.41902
1.45549
1.62589
1.42613
1.63222
1.3732
1.63623
1.69064
1.76119
1.6032
1.78541
1.4379
1.42621
1.42183
1.72758
1.42145
1.50564
1.18589
1.56605
1.37491
1.45299
1.51428
1.57788
1.4795
1.46551
1.55089
1.41369
1.77137
1.65005
1.70884
1.35548
1.60008
1.37079
1.5098
1.53093
1.29446
1.5136
1.54669
1.58657
1.45459
1.68102
1.55509
1.52719
1.43379
1.53369
1.32754
1.40992
1.50776
1.3482
1.57147
1.28586
1.6925
1.41544
1.28832
1.65229
1.55513
1.42536
1.82609
1.44983
1.83294
1.71033
1.34077
1.61461
1.48091
1.37087
1.52124
1.44009
1.7572
1.39509
1.51765
1.6888
1.50206
1.41583
1.6275
1.60349
1.71068
1.57852
1.35629
1.36318
1.33808
1.46997
1.3537
1.46704
1.64512
1.45916
1.56619
1.42628
1.39736
1.41797
1.53276
1.51617
1.44006
1.56481
1.76308
1.51523
1.59954
1.37886
1.64939
1.64003
1.41624
1.32872
1.60217
1.40751
1.39326
1.53268
1.35852
1.43048
1.50046
1.7294
1.29264
1.39226
1.41679
1.41047
1.60398
1.43429
1.52708
1.60062
1.49749
1.47921
1.86445
1.51873
1.58644
1.78075
1.45623
1.61621
1.39906
1.29031
1.53448
1.50174
1.43802
1.41018
1.63624
1.37544
1.37267
1.43719
1.59425
1.63394
1.47874
1.4865
1.59622
1.58997
1.58764
1.41698
1.3675
1.52056
1.55813
1.38526
1.70656
1.32949
1.54998
1.25865
1.62914
1.59041
1.54653
1.49324
1.47276
1.57408
1.39098
1.36307
1.29819
1.60509
1.64494
1.48836
1.61536
1.51017
1.5068
1.58508
1.45214
1.56857
1.60382
1.61355
1.49456
1.35954
1.36546
1.66974
1.38944
1.30119
1.50111
1.55463
1.67978
1.61635
1.4772
1.41143
1.45797
1.58202
1.53886
1.4526
1.37467
1.6003
1.56305
1.46441
1.77415
1.49634
1.43124
1.43349
1.39257
1.28078
1.39451
1.36969
1.33642
1.63381
1.62738
1.45437
1.41342
1.65307
1.50614
1.44676
1.4591
1.51529
1.35733
1.37422
1.59609
1.36434
1.47716
1.62198
1.82823
1.63645
1.52835
1.4644
1.71162
1.45956
1.56102
1.58774
1.41361
1.51605
1.24298
1.58722
1.20103
1.68476
1.60738
1.52598
1.50701
1.58898
1.4958
1.36376
1.48219
1.40045
1.58003
1.61909
1.55683
1.44896
1.56963
1.3548
1.53592
1.33041
1.42221
1.39307
1.42645
1.59952
1.50807
1.43153
1.59569
1.48253
1.36471
1.40245
1.3845
1.63682
1.40312
1.36252
1.77706
1.57568
1.30484
1.48228
1.52116
1.42736
1.65134
1.67651
1.44341
1.57554
1.50896
1.39894
1.36405
1.35705
1.53564
1.81848
1.34127
1.47264
1.46889
1.47125
1.51921
1.56716
1.74305
1.53384
1.52136
1.4358
1.35769
1.48086
1.27683
1.58089
1.50725
1.67974
1.70245
1.67284
1.30456
1.29508
1.28656
1.43091
1.75132
1.52539
1.51256
1.63938
1.51868
1.36671
1.43007
1.72704
1.55077
1.44334
1.60216
1.54479
1.77759
1.54966
1.39552
1.43672
1.91677
1.51637
1.35311
1.52765
1.44459
1.38709
1.38791
1.43727
1.53663
1.73357
1.39105
1.46837
1.80811
1.6379
1.5118
1.69406
1.4134
1.55615
1.46706
1.30307
1.40868
1.52427
1.52887
1.61258
1.79969
1.4675
1.59844
1.59834
1.66214
1.63674
1.55539
1.50836
1.58767
1.59988
1.47134
1.65331
1.46842
1.35798
1.60095
1.65224
1.63287
1.51102
1.52129
1.42358
1.3995
1.48064
1.45032
1.64068
1.44956
1.36681
1.45624
1.49386
1.51427
1.50604
1.50551
1.63094
1.62319
1.32958
1.56891
1.42451
1.61851
1.52092
1.48657
1.7139
1.27638
1.41399
1.42521
1.54296
1.62936
1.32709
1.61508
1.88467
1.5214
1.47053
1.52155
1.5133
1.4842
1.5665
1.49736
1.51834
1.54384
1.72979
1.4724
1.55752
1.38334
1.39519
1.54964
1.52898
1.52125
1.50331
1.62346
1.47379
1.38061
1.34029
1.42851
1.46234
1.56782
1.61558
1.33946
1.34686
1.35517
1.58122
1.57891
1.46527
1.40327
1.55006
1.31356
1.35755
1.33273
1.41929
1.64445
1.65527
1.69487
1.67
1.44335
1.48404
1.47662
1.7734
1.28932
1.31182
1.68022
1.48974
1.53204
1.31201
1.57673
1.50968
1.50248
1.36162
1.63889
1.54429
1.43942
1.49547
1.54612
1.45716
1.35928
1.58177
1.29545
1.41462
1.52071
1.45329
1.51312
1.37073
1.45423
1.43844
1.23436
1.39195
1.32342
1.37078
1.6183
1.33925
1.36258
1.38074
1.45187
1.71242
1.49244
1.32118
1.54223
1.32635
1.70662
1.35052
1.76921
1.5299
1.47199
1.54878
1.51942
1.42858
1.56865
1.60383
1.34527
1.4721
1.47227
1.60859
1.59224
1.45862
1.33191
1.67198
1.76905
1.53748
1.47254
1.42433
1.54197
1.59913
1.30257
1.50605
1.72818
1.71722
1.41261
1.39728
1.47663
1.43728
1.73067
1.31082
1.22149
1.59924
1.54326
1.71598
1.43964
1.44397
1.37039
1.40078
1.54179
1.59845
1.36931
1.63604
1.44134
1.49779
1.27383
1.42908
1.47419
1.62312
1.39183
1.42389
1.53343
1.51309
1.4735
1.37379
1.41612
1.39975
1.41352
1.42741
1.49732
1.32299
1.24905
1.63372
1.50287
1.30585
1.59446
1.72585
1.58721
1.45335
1.27518
1.85858
1.65543
1.3848
1.24011
1.20283
1.50894
1.35704
1.69149
1.59285
1.36382
1.46084
1.46414
1.60675
1.70223
1.47258
1.69957
1.55461
1.63309
2.10016
1.9028
1.34957
1.60028
1.45594
1.58855
1.70955
1.52187
1.41655
1.66614
1.56087
1.76719
1.6198
1.74474
1.60433
1.55742
1.5972
1.59665
1.39126
1.48228
1.53718
1.47177
1.59804
1.49814
1.61663
1.53366
1.55334
1.25851
1.26463
1.5359
1.45341
1.61141
1.64814
1.4013
1.59197
1.45712
1.52013
1.3525
1.42728
1.61718
1.61349
1.34899
1.48013
1.58931
1.55608
1.49604
1.40966
1.53455
1.72211
1.62823
1.37236
1.51908
1.44472
1.52428
1.46524
1.41275
1.70838
1.59258
1.41049
1.62816
1.63629
1.30053
1.43563
1.76319
1.60071
1.63089
1.35537
1.5088
1.4593
1.38419
1.4625
1.52208
1.68774
1.4791
1.39336
1.43015
1.4516
1.45615
1.50497
1.57925
1.57121
1.64835
1.52804
1.24068
1.7211
1.69641
1.36147
1.63974
1.68852
1.41843
1.40115
1.48274
1.53517
1.41428
1.55186
1.53204
1.51144
1.49324
1.51412
1.55515
1.50026
1.34079
1.465
1.47212
1.42745
1.41421
1.38851
1.60109
1.41124
1.50765
1.34509
1.66111
1.44267
1.62654
1.42218
1.41546
1.62989
1.46908
1.45393
1.41371
1.27865
1.549
1.51651
1.43091
1.59696
1.45721
1.403
1.33265
1.4591
1.33643
1.57564
1.42336
1.62508
1.34245
1.6503
1.48184
1.27243
1.51212
1.65753
1.61864
1.68574
1.42397
1.44311
1.43977
1.53143
1.70654
1.39544
1.39624
1.45309
1.52014
1.82314
1.45369
1.52812
1.54035
1.39952
1.39003
1.53184
1.71272
1.56902
1.40959
1.77845
1.74201
1.36055
1.59226
1.36652
1.61997
1.48294
1.21319
1.50469
1.45729
1.69123
1.44035
1.50929
1.52141
1.50297
1.49142
1.51119
1.35174
1.57117
1.59257
1.34485
1.39346
1.51565
1.66153
1.53735
1.71053
1.55083
1.38932
1.43059
1.70283
1.45646
1.36869
1.33654
1.55046
1.52205
1.399
1.54596
1.65864
1.54445
1.37846
1.59173
1.42751
1.38171
1.39768
1.41418
1.5322
1.40642
1.3462
1.51004
1.38567
1.6167
1.55941
1.31465
1.15336
1.48455
1.5751
1.34296
1.51295
1.50667
1.49166
1.38191
1.33597
1.45563
1.4264
1.43926
1.64735
1.44733
1.44795
1.5835
1.50969
1.9593
1.53066
1.34908
1.3536
1.52444
1.39186
1.60202
1.49608
1.39979
1.66496
1.54833
1.59787
1.65438
1.83494
1.5208
1.50556
1.47985
1.62026
1.63337
1.44337
1.28571
1.57248
1.48387
1.52119
1.63356
1.58669
1.91073
1.73121
1.5554
1.44973
1.47162
1.90465
1.77316
1.50263
1.70534
1.52146
1.58018
1.27032
1.61678
1.72392
1.51929
1.53736
1.52994
1.33471
1.33022
1.42406
1.56866
1.56099
1.59855
1.50781
1.43253
1.5346
1.40552
1.42937
1.52991
1.53151
1.43096
1.69858
1.52236
1.66715
1.52962
1.47635
1.50089
1.59442
1.6015
1.49813
1.4733
1.26623
1.41823
1.37885
1.40245
1.36134
1.24794
1.51398
1.51529
1.42085
1.5434
1.55694
1.33947
1.40341
1.48336
1.5423
1.61453
1.43288
1.55404
1.3471
1.54256
1.66583
1.5238
1.54689
1.35654
1.49498
1.36928
1.51391
1.55479
1.55901
1.50633
1.43135
1.46284
1.55718
1.54777
1.57594
1.3751
1.57042
1.72135
1.34796
1.49533
1.38038
1.64927
1.68247
1.51088
1.56214
1.4271
1.57615
1.30445
1.30294
1.51722
1.483
1.63317
1.36045
1.61709
1.43752
1.43328
1.54366
1.56816
1.46019
1.35991
1.49735
1.57006
1.67247
1.19065
1.44209
1.46459
1.32624
1.39686
1.59759
1.37965
1.23902
1.64018
1.35065
1.20316
1.38721
1.41222
1.29788
1.43369
1.4225
1.53866
1.60835
1.36862
1.57969
1.49602
1.68382
1.59233
1.65666
1.46911
1.44845
1.45643
1.32405
1.62156
1.4959
1.43001
1.3466
1.25993
1.48801
1.36479
1.50341
1.68766
1.35393
1.61924
1.40139
1.5275
1.63284
1.5588
1.54345
1.47779
1.50843
1.386
1.55489
1.31975
1.40188
1.61799
1.52955
1.34833
1.48916
1.39949
1.73498
1.3135
1.50745
1.5837
1.51855
1.55472
1.49311
1.42625
1.47485
1.66142
1.42984
1.39263
1.4223
1.55239
1.49078
1.42117
1.44275
1.391
1.62759
1.46231
1.51268
1.49586
1.50609
1.2707
1.35316
1.69334
1.36587
1.45549
1.62128
1.55312
1.61996
1.46232
1.35878
1.31975
1.5024
1.38778
1.32258
1.37651
1.52345
1.59286
1.52743
1.47942
1.58844
1.27808
1.55359
1.40757
1.53604
1.41457
1.70386
1.42459
1.43817
1.73796
1.63631
1.36177
1.2595
1.32216
1.66451
1.40418
1.51984
1.32701
1.34403
1.55903
1.45575
1.50521
1.30371
1.50173
1.40067
1.46732
1.45035
1.57794
1.45378
1.24441
1.52989
1.42687
1.62499
1.52321
1.54661
1.56588
1.49116
1.36698
1.55703
1.39641
1.32403
1.4124
1.53672
1.37605
1.44748
1.55127
1.3408
1.55068
1.35573
1.51749
1.3969
1.36968
1.50944
1.29166
1.358
1.43806
1.40083
1.63094
1.75702
1.44271
1.4393
1.62737
1.62311
1.25603
1.63932
1.70369
1.59972
1.43794
1.73911
1.36829
1.44286
1.52097
1.32154
1.41048
1.38328
1.28146
1.51177
1.56339
1.41365
1.44105
1.69016
1.57185
1.58156
1.40937
1.62622
1.40598
1.40842
1.49
1.69978
1.30124
1.51577
1.39328
1.52973
1.5329
1.26999
1.41163
1.43408
1.41357
1.61377
1.35317
1.37526
1.56842
1.58997
1.34225
1.69594
1.39389
1.51976
1.33699
1.59072
1.44357
1.44866
1.4921
1.43285
1.34196
1.381
1.5621
1.68244
1.44381
1.40383
1.62264
1.47076
1.53913
1.52739
1.694
1.57681
1.5733
1.46658
1.50918
1.32827
1.67178
1.37108
1.5391
1.61374
1.68729
1.43061
1.49224
1.64401
1.8249
1.55414
1.52852
1.37359
1.54566
1.44921
1.39055
1.54948
1.68292
1.36085
1.52146
1.37018
1.563
1.64201
1.52121
1.65952
1.41079
1.42289
1.71804
1.44975
1.50048
1.38642
1.62889
1.80489
1.47493
1.77269
1.60064
1.49612
1.41817
1.40714
1.50873
1.66066
1.58542
1.38549
1.32934
1.37778
1.53519
1.61968
1.57126
1.51274
1.61597
1.67016
1.63314
1.42886
1.3643
1.43652
1.5344
1.50316
1.42689
1.52216
1.41135
1.61495
1.38525
1.48145
1.42433
1.61774
1.40418
1.41896
1.37375
1.70812
1.36126
1.34084
1.61818
1.51302
1.3764
1.36609
1.75657
1.39788
1.46361
1.33303
1.54284
1.44365
1.48246
1.5606
1.47311
1.55281
1.38877
1.25906
1.53833
1.32806
1.49506
1.29559
1.80166
1.59987
1.38431
1.50487
1.49183
1.8667
1.62748
1.54875
1.53132
1.44086
1.50142
1.3599
1.70869
1.51192
1.44961
1.38286
1.51863
1.42153
1.54406
1.4623
1.40675
1.57848
1.51778
1.52054
1.56367
1.61446
1.62768
1.46082
1.36393
1.46846
1.52513
1.40603
1.50582
1.3359
1.41161
1.4822
1.42207
1.3704
1.52731
1.74018
1.63979
1.34902
1.36419
1.53102
1.51039
1.57937
1.43766
1.17646
1.64397
1.33047
1.4535
1.48214
1.53778
1.31623
1.45476
1.48932
1.45203
1.49542
1.64276
1.30678
1.33603
1.46639
1.5665
1.69734
1.39664
1.55789
1.5698
1.53463
1.82553
1.30477
1.51989
1.49247
1.32386
1.41633
1.65287
1.44323
1.25315
1.49373
1.3568
1.46073
1.38397
1.90947
1.64258
1.55356
1.4943
1.43874
1.44546
1.36207
1.53045
1.67321
1.39362
1.35129
1.56234
1.43048
1.62613
1.49216
1.39786
1.41881
1.62597
1.45943
1.2248
1.41212
1.68376
1.53779
1.72917
1.53622
1.7091
1.47916
1.53818
1.38572
1.41441
1.43902
1.41379
1.59471
1.4712
1.29755
1.38154
1.3546
1.48408
1.30851
1.7304
1.55683
2.03161
1.48275
1.70001
1.63328
2.03185
1.44436
1.55383
1.55675
1.49689
1.23109
1.49109
1.29727
1.25363
1.32734
1.5687
1.47818
1.68912
1.44306
1.25998
1.61128
1.35948
1.53645
1.53764
1.37179
1.63964
1.54682
1.55576
1.78737
1.29775
1.73232
1.37117
1.28152
1.58179
1.71967
1.5563
1.39024
1.3179
1.55368
1.67981
1.58517
1.72661
1.53629
1.31374
1.65039
1.2838
1.68636
1.68695
1.43928
1.52273
1.37364
1.54368
1.48373
1.67078
1.36244
1.27608
1.63748
1.61099
1.46576
1.71331
1.55894
1.46089
1.56208
1.2712
1.41217
1.66335
1.35787
1.40215
1.41963
1.4934
1.60689
1.72694
1.28948
1.20918
1.50302
1.32941
1.44265
1.65657
1.34399
1.63167
1.52502
1.58513
1.3639
1.41551
1.89476
1.42868
1.67959
1.29801
1.68347
1.43285
1.44232
1.42818
1.58767
1.37908
1.81724
1.51452
1.57035
1.34207
1.43666
1.4328
1.42968
1.43613
1.37826
1.3711
1.67456
1.23966
1.40391
1.30935
1.63598
1.42046
1.41477
1.51418
1.68724
1.40121
1.44213
1.47737
1.48464
1.86577
1.48727
1.66445
1.4146
1.35298
1.48615
1.47476
1.66847
1.58867
1.37721
1.52221
1.59576
1.51256
1.47609
1.75221
1.7021
1.53683
1.50865
1.38679
1.69523
1.55059
1.65536
1.71189
1.40398
1.53728
1.40653
1.51853
1.37546
1.76889
1.41951
1.47636
1.53498
1.27406
1.82193
1.43959
1.30375
1.53824
1.40712
1.58881
1.48243
1.582
1.61349
1.55412
1.36131
1.49846
1.52259
1.4221
1.51332
1.34927
1.38827
1.66999
1.56506
1.43223
1.46479
1.60673
1.34938
1.68016
1.67549
1.42415
1.49661
1.67003
1.50929
1.37829
1.67283
1.40024
1.39758
1.33454
1.32151
1.43923
1.48068
1.56709
1.53007
1.337
1.51118
1.33436
1.62175
1.68796
1.38805
1.66835
1.40319
1.37631
1.46467
1.40239
1.58784
1.42501
1.42043
1.37542
1.48559
1.57228
1.54514
1.51127
1.48275
1.37701
1.69661
1.34636
1.64508
1.43687
1.69889
1.35926
1.55822
1.35607
1.62335
1.42355
1.49676
1.64495
1.29776
1.17121
1.53187
1.67742
1.42984
1.64679
1.49741
1.47443
1.37092
1.39764
1.47574
1.54737
1.44492
1.37987
1.27604
1.44505
1.66127
1.79899
1.40365
1.49016
1.53387
1.36931
1.60309
1.62464
1.40192
1.59341
1.53256
1.35339
1.58192
1.50037
1.58888
1.45588
1.3626
1.50769
1.41009
1.32122
1.32659
1.4755
1.47759
1.37575
1.44594
1.80503
1.57919
1.74465
1.48136
1.69031
1.78424
1.44198
1.45264
1.63151
1.43802
1.46558
1.61588
1.60152
1.59243
1.33101
1.60522
1.51628
1.55714
1.18768
1.59877
1.38173
1.60528
1.46694
1.61121
1.68852
1.49592
1.33353
1.40358
1.72974
1.37327
1.45484
1.59865
1.51816
1.49549
1.50289
1.34301
1.47868
1.42536
1.58255
1.5549
1.61202
1.47484
1.6364
1.49765
1.4851
1.68052
1.60463
1.58665
1.31842
1.56467
1.43382
1.2626
1.49903
1.39419
1.54286
1.52173
1.40364
1.49179
1.43814
1.38769
1.39299
1.41664
1.57376
1.62125
1.59695
1.42538
1.51643
1.27205
1.48323
1.37091
1.65111
1.46758
1.36535
1.68675
1.41285
1.5589
1.74748
1.46177
1.50596
1.36639
1.59517
1.57189
1.66754
1.53565
1.36524
1.31002
1.43396
1.57254
1.4233
1.44836
1.85624
1.51903
1.40328
1.49466
1.70195
1.59636
1.32194
1.53369
1.34912
1.49917
1.44817
1.33956
1.51418
1.76651
1.55403
1.51147
1.51038
1.45558
1.53218
1.44708
1.65774
1.38474
1.39457
1.52998
1.55394
1.29233
1.63782
1.39088
1.60439
1.28963
1.5255
1.28046
1.54284
1.44657
1.40549
1.54555
1.46006
1.77849
1.38116
1.83443
1.44867
1.64146
1.27896
1.51947
1.51684
1.4725
1.41068
1.61077
1.55419
1.26084
1.47657
1.3879
1.59491
1.85436
1.63852
1.16674
1.29654
1.51541
1.4957
1.68414
1.35825
1.4302
1.42917
1.55973
1.36992
1.64411
1.51877
1.6282
1.52509
1.74349
1.41493
1.49166
1.35662
1.66868
1.47257
1.49021
1.45596
1.70183
1.42791
1.43871
1.36597
1.41941
1.30053
1.6328
1.48747
1.43233
1.34008
1.29978
1.56175
1.53997
1.38524
1.31229
1.5383
1.31291
1.69155
1.34208
1.35054
1.73791
1.45742
1.48225
1.52014
1.44774
1.47784
1.4627
1.46402
1.51367
1.29423
1.32533
1.70662
1.44614
1.64407
1.60773
1.59728
1.56074
1.69025
1.41507
1.6339
1.53303
1.68464
1.59146
1.45368
1.29762
1.66016
1.42397
1.35163
1.40409
1.5139
1.65903
1.39914
1.50239
1.66295
1.51736
1.33496
1.34591
1.64811
1.50462
1.80659
1.67705
1.49001
1.41573
1.4306
1.35013
1.53752
1.50898
1.42028
1.39598
1.73856
1.48418
1.62681
1.38064
1.44081
1.40722
1.61007
1.56945
1.37072
1.52193
1.46437
1.50599
1.60241
1.34525
1.73581
1.5032
1.63512
1.45608
1.31097
1.41877
1.48721
1.56048
1.62346
1.52309
1.59469
1.40968
1.60836
1.62229
1.55663
1.85931
1.68506
1.77014
1.4393
1.4798
1.58825
1.48305
1.4144
1.54611
1.41962
1.68632
1.4642
1.37844
1.38853
1.63128
1.31156
1.44099
1.53164
1.60557
1.50305
1.55844
1.45553
1.33283
1.38337
1.47421
1.76017
1.43763
1.46308
1.52411
1.64083
1.51918
1.70707
1.55922
1.73468
1.40547
1.41803
1.36159
1.56657
1.3225
1.3743
1.49587
1.42808
1.57411
1.53079
1.51738
1.41889
1.44167
1.51513
1.53012
1.55693
1.60713
1.58095
1.51328
1.28856
1.44459
1.46998
1.36431
1.65623
1.45648
1.53911
1.42862
1.40576
1.61275
1.30443
1.32989
1.44966
1.5236
1.46439
1.60766
1.47396
1.4802
1.59476
1.51179
1.40479
1.60142
1.70071
1.43671
1.3826
1.48289
1.28985
1.43389
1.59375
1.53922
1.64037
1.51719
1.61328
1.3257
1.4411
1.40921
1.57249
1.50231
1.51273
1.60395
1.45314
1.59951
1.74531
1.67676
1.52799
1.57799
1.51448
1.67766
1.49474
1.34594
1.45281
1.55058
1.55311
1.48184
1.66219
1.64356
1.40215
1.59288
1.39007
1.43932
1.70409
1.66016
1.58219
1.69243
1.5436
1.37979
1.50023
1.58254
1.39957
1.35421
1.5005
1.46157
1.46304
1.76463
1.3672
1.49038
1.5115
1.53333
1.55967
1.57248
1.39213
1.4273
1.46609
1.39737
1.3351
1.44386
1.48835
1.5191
1.52528
1.51899
1.37576
1.59638
1.44776
1.39142
1.48213
1.69673
1.81308
1.52719
1.54764
1.48712
1.75735
1.69854
1.51622
1.34694
1.59783
1.64585
1.36139
1.53282
1.6394
1.52513
1.61739
1.58816
1.37288
1.43908
1.32284
1.31721
1.66848
1.34835
1.50213
1.5853
1.39766
1.41511
1.49683
1.54708
1.34578
1.34122
1.44262
1.51098
1.6185
1.53279
1.43601
1.90719
1.5499
1.45529
1.55109
1.57163
1.63367
1.47257
1.3617
1.48563
1.40291
1.37619
1.48056
1.43527
1.70628
1.31575
1.55459
1.55079
1.73957
1.42275
1.37374
1.38854
1.37698
1.48996
1.62826
1.53787
1.4342
1.38501
1.25407
1.56466
1.76957
1.77812
1.49939
1.68135
1.53561
1.54347
1.64011
1.27444
1.50782
1.35289
1.41382
1.89586
1.31212
1.53072
1.2773
1.67096
1.30969
1.56504
1.43127
1.41991
1.39261
1.65907
1.38593
1.42244
1.43092
1.44354
1.59281
1.40431
1.54231
1.37928
1.59315
1.69256
1.79076
1.59243
1.83889
1.43685
1.7589
1.49873
1.28671
1.55928
1.51374
1.60107
1.49082
1.47751
1.40607
1.46513
1.41281
1.60718
1.47727
1.43709
1.40486
1.5551
1.48476
1.38325
1.35349
1.59791
1.54049
1.72623
1.39181
1.45096
1.51204
1.65356
1.67441
1.67107
1.73039
1.39735
1.55896
1.55937
1.55983
1.53245
1.54131
1.48119
1.36335
1.27093
1.46522
1.46555
1.59764
1.30556
1.89909
1.28232
1.47338
1.42023
1.72842
1.46492
1.28316
1.48458
1.58712
1.40959
1.50989
1.58972
1.47861
1.53658
1.44875
1.57362
1.54769
1.64155
1.45485
1.37251
1.46795
1.35466
1.21821
1.54718
1.43398
1.58971
1.90556
1.42303
1.54117
1.59449
1.4602
1.36007
1.51618
1.55108
1.53379
1.58674
1.53334
1.28557
1.7652
1.633
1.30424
1.59209
1.53989
1.20673
1.52983
1.57338
1.53243
1.37311
1.52154
1.61193
1.54852
1.56925
1.38876
1.58937
1.65306
1.40881
1.6017
1.87594
1.71783
1.5441
1.54291
1.39861
1.40993
1.26965
1.5134
1.39262
1.36088
1.40122
1.61363
1.59114
1.61051
1.56063
1.44269
1.54367
1.32173
1.36917
1.54223
1.48016
1.41577
1.396
1.53921
1.66694
1.44472
1.61491
1.43721
1.77225
1.40981
1.32951
1.5653
1.51859
1.40338
1.40335
1.6799
1.31413
1.50016
1.50551
1.75503
1.43267
1.37916
1.69362
1.42695
1.53629
1.47454
1.67923
1.51815
1.56663
1.75608
1.45571
1.33252
1.60869
1.51775
1.43311
1.59297
1.49593
1.65032
1.50818
1.43747
1.60317
1.52583
1.7172
1.56352
1.38071
1.40448
1.49951
1.5585
1.48121
1.43018
1.36508
1.54909
1.36424
1.62208
1.66412
1.51966
1.49169
1.36692
1.57329
1.69285
1.39331
1.54072
1.45213
1.47054
1.71203
1.55066
1.49811
1.5447
1.60148
1.543
1.51359
1.47823
1.52881
1.43654
1.74409
1.57826
1.69087
1.29502
1.32808
1.7576
1.60778
1.46541
1.41007
1.34459
1.52662
1.53421
1.63679
1.69935
1.54292
1.67956
1.46374
1.57519
1.48374
1.60867
1.64311
1.41244
1.4563
1.67575
1.5893
1.35174
1.53717
1.47076
1.3762
1.58606
1.89759
1.59553
1.19689
1.55579
1.60489
1.32945
1.39767
1.39018
1.61393
1.57939
1.32799
1.45872
1.3061
1.33498
1.45217
1.51564
1.27948
1.63819
1.57194
1.71222
1.41424
1.57909
1.70811
1.38682
1.42123
1.70124
1.43485
1.71569
1.4902
1.63097
1.57202
1.43689
1.3625
1.34799
1.40247
1.49639
1.66396
1.46349
1.53306
1.54139
1.41368
1.62807
1.52655
1.63966
1.55979
1.35885
1.63973
1.66317
1.37729
1.43883
1.5711
1.53811
1.48864
1.42458
1.3723
1.27694
1.538
1.41243
1.44512
1.67783
1.3702
1.49911
1.59668
1.41317
1.45035
1.51065
1.42815
1.41001
1.54785
1.50992
1.37108
1.48721
1.31811
1.45057
1.69977
1.37063
1.39384
1.40226
1.54517
1.66851
1.47817
1.53442
1.41823
1.51003
1.34472
1.48107
1.31791
1.62768
1.71005
1.61745
1.38657
1.51497
1.63428
1.53888
1.3986
1.47085
1.58879
1.5844
1.72327
1.52623
1.36754
1.53309
1.54981
1.59969
1.35917
1.40444
1.35439
1.72772
1.50909
1.61406
1.42229
1.30163
1.47716
1.52643
1.3153
1.48093
1.70021
1.39326
1.45317
1.53421
1.45718
1.5412
1.41335
1.39051
1.80065
1.55225
1.55744
1.73364
1.53167
1.43651
1.68667
1.61799
1.23868
1.452
1.52431
1.24694
1.37031
1.4036
1.52953
1.45018
1.61364
1.44126
1.29342
1.42476
1.63569
1.50939
1.48779
1.51062
1.81089
1.3954
1.60884
1.38431
1.41659
1.37776
1.44172
2.00711
1.5503
1.39919
1.68876
1.53902
1.55497
1.55121
1.42296
1.4813
1.4169
1.68448
1.65116
1.52422
1.43369
1.78066
1.52045
1.5608
1.70229
1.46676
1.43267
1.40173
1.6103
1.44529
1.71348
1.56028
1.50144
1.56789
1.5349
1.24594
1.70012
1.64081
1.4017
1.38071
1.48071
1.46017
1.56315
1.58179
1.58898
1.48506
1.47177
1.37046
1.42587
1.6333
1.47921
1.49657
1.49201
1.43018
1.46759
1.57707
1.49858
1.27689
1.48888
1.51826
1.50446
1.42339
1.57843
1.48299
1.65827
1.22075
1.49538
1.49018
1.31008
1.27667
1.73503
1.65926
1.76626
1.53225
1.36631
1.5917
1.35214
1.45032
1.27917
1.28012
1.34966
1.61754
1.63585
1.48304
1.40659
1.34786
1.21392
1.56001
1.78963
1.45873
1.28376
1.85503
1.67065
1.32451
1.64106
1.41358
1.49411
1.52138
1.35156
1.52633
1.21463
1.33014
1.49874
1.47643
1.30143
1.53644
1.75207
1.60485
1.39554
1.61353
1.4501
1.32617
1.62272
1.31401
1.49148
1.61635
1.69038
1.39544
1.49266
1.71939
1.55439
1.49703
1.4845
1.54271
1.52326
1.36361
1.55751
1.54797
1.38027
1.62541
1.39278
1.67511
1.67931
1.29868
1.68262
1.445
1.38093
1.35741
1.85442
1.43002
1.62625
1.81969
1.4367
1.71552
1.44209
1.50653
1.54165
1.48885
1.58946
1.55744
1.27746
1.37616
1.67406
1.5803
1.52014
1.65338
1.59443
1.59956
1.56698
1.62088
1.40768
1.57313
1.39114
1.44371
1.59762
1.39936
1.444
1.36993
1.50777
1.49741
1.53298
1.67786
1.50059
1.39817
1.28276
1.41078
1.52086
1.3724
1.53109
1.42341
1.57608
1.59177
1.60382
1.47203
1.40372
1.63475
1.53258
1.41969
1.42446
1.56146
1.54943
1.47462
1.53759
1.16469
1.39234
1.34638
1.47724
1.69073
1.50617
1.47809
1.43398
1.50904
1.37472
1.39704
1.50977
1.49911
1.37041
1.69094
1.3492
1.52011
1.29972
1.3233
1.46067
1.52306
1.58173
1.58101
1.37102
1.36827
1.39796
1.53379
1.47755
1.56085
1.40084
1.42118
1.51808
1.67192
1.54853
1.57801
1.54535
1.3662
1.4474
1.26942
1.47852
1.64738
1.64203
1.37573
1.50975
1.32798
1.27354
1.32343
1.73794
1.46168
1.54238
1.65183
1.85325
1.54878
1.60996
1.54626
1.36796
1.37675
1.41715
1.7093
1.40847
1.5581
1.40428
1.39032
1.66391
1.63642
1.57904
1.66294
1.57021
1.34183
1.4765
1.34589
1.55912
1.52298
1.48316
1.37856
1.4534
1.74015
1.45309
1.68926
1.32988
1.4293
1.25232
1.6789
1.57645
1.56013
1.46418
1.59866
1.43734
1.6005
1.42863
1.52419
1.54515
1.53181
1.47931
1.47664
1.20776
1.34751
1.51993
1.41697
1.38159
1.45387
1.41742
1.33002
1.60211
1.54371
1.53428
1.48484
1.48813
1.51421
1.53647
1.42024
1.41055
1.41753
1.53287
1.40555
1.30585
1.5883
1.55367
1.46851
1.49154
1.38701
1.50113
1.36038
1.54885
1.69274
1.33536
1.48926
1.62317
1.47665
1.57106
1.57809
1.49646
1.58326
1.47588
1.54
1.56621
1.4467
1.51982
1.34543
1.17885
1.49341
1.66123
1.72254
1.36642
1.63811
1.48689
1.43502
1.48049
1.53403
1.32985
1.35655
1.25111
1.44448
1.30131
1.45865
1.5482
1.65499
1.47151
1.43308
1.42943
1.53642
1.57072
1.54532
1.63988
1.44996
1.45585
1.52816
1.4697
1.62624
1.43419
1.53585
1.38928
1.46176
1.37265
1.34106
1.62173
1.68099
1.4252
1.66993
1.57619
1.50683
1.47277
1.45498
1.34633
1.44058
1.43304
1.59531
1.46307
1.55895
1.53362
1.72189
1.48248
1.51809
1.44852
1.59852
1.41056
1.22603
1.69811
1.4258
1.36702
1.46837
1.40213
1.80777
1.62234
1.29739
1.60423
1.43665
1.36375
1.66847
1.42656
1.40896
1.54574
1.36685
1.66623
1.5529
1.57226
1.5097
1.5871
1.61198
1.71183
1.5772
1.46037
1.33402
1.54771
1.44553
1.5343
1.47413
1.70378
1.47496
1.47366
1.46978
1.492
1.31711
1.57884
1.41765
1.51162
1.36728
1.33091
1.4978
1.47861
1.40685
1.27524
1.48577
1.5536
1.53372
1.58558
1.40926
1.43945
1.30554
1.22713
1.78354
1.40515
1.7945
1.38079
1.46931
1.58312
1.38168
1.52498
1.13395
1.56928
1.50069
1.22935
1.65291
1.42304
1.4373
1.2945
1.90279
1.34529
1.64764
1.73134
1.66308
1.28512
1.60141
1.60723
1.73639
1.69834
1.45261
1.57173
1.37612
1.53994
1.43397
1.42686
1.60351
1.56333
1.41453
1.38256
1.52165
1.62283
1.53126
1.57147
1.41299
1.36172
1.3584
1.38709
1.37244
1.57111
1.3927
1.26539
1.48226
1.42767
1.62834
1.48215
1.49477
1.43766
1.31292
1.49018
1.89909
1.56416
1.54781
1.58024
1.59845
1.39898
1.13588
1.55011
1.6502
1.63328
1.55022
1.43654
1.42762
1.51863
1.2881
1.50002
1.35994
1.42448
1.7811
1.47206
1.38621
1.43908
1.50612
1.42592
1.4779
1.48363
1.50192
1.35521
1.60854
1.51865
1.47049
1.36298
1.54149
1.55362
1.84467
1.6038
1.41268
1.61659
1.44081
1.64911
1.48255
1.57019
1.38296
1.48858
1.66476
1.26198
1.77475
1.57679
1.39995
1.65696
1.40272
1.4221
1.50833
1.49154
1.56357
1.6367
1.40607
1.59684
1.32348
1.37296
1.30488
1.41981
1.51466
1.488
1.44288
1.39449
1.26132
1.30962
1.4676
1.44198
1.3434
1.38877
1.51326
1.69276
1.55901
1.74503
1.19706
1.47323
1.56266
1.44541
1.5424
1.38741
1.37153
1.39145
1.61193
1.63144
1.7113
1.39327
1.66579
1.41593
1.38094
1.52898
1.67892
1.54208
1.64162
1.74877
1.45608
1.41442
1.43461
1.44323
1.4709
1.57398
1.53005
1.3444
1.39179
1.63943
1.4157
1.4079
1.41849
1.51619
1.60363
1.43432
1.59268
1.52039
1.39526
1.39023
1.62863
1.29728
1.57984
1.23038
1.64654
1.66849
1.42876
1.52888
1.5561
1.38121
1.42191
1.38788
1.55239
1.54046
1.83786
1.56986
1.3348
1.31152
1.31567
1.3898
1.47623
1.58134
1.64589
1.40855
1.54567
1.45961
1.48603
1.39977
1.38807
1.6392
1.45319
1.30758
1.60744
1.99663
1.44262
1.47537
1.38209
1.67003
1.29433
1.50241
1.60727
1.26562
1.51097
1.541
1.79791
1.3427
1.32034
1.74343
1.55511
1.55602
1.49561
1.41794
1.3033
1.7748
1.71747
1.86102
1.54982
1.49328
1.55623
1.55593
1.7199
1.36983
1.69791
1.33181
1.37186
1.50932
1.52598
1.55172
1.78509
1.32309
1.59912
1.5438
1.32677
1.56382
1.5335
1.23977
1.34905
1.43574
1.44868
1.38197
1.4748
1.635
1.55678
1.32534
1.62648
1.37781
1.54575
1.63136
1.64915
1.41975
1.52326
1.47186
1.35688
1.43093
1.41006
1.51824
1.47641
1.51296
1.6872
1.46091
1.65069
1.21571
1.50665
1.5037
1.44089
1.2878
1.3443
1.48786
1.33118
1.67994
1.57968
1.31209
1.30816
1.72235
1.39679
1.64894
1.5014
1.38838
1.52707
1.47917
1.41405
1.4044
1.55376
1.51136
1.37225
1.42202
1.53803
1.25302
1.3725
1.44135
1.53362
1.28713
1.67302
1.40919
1.54118
1.41829
1.41717
1.43825
1.71
1.39235
1.43246
1.527
1.51023
1.64243
1.41573
1.46595
1.48533
1.35261
1.30164
1.41002
1.66633
1.64774
1.52319
1.41886
1.57526
1.4666
1.39624
1.41513
1.62463
1.30672
1.50308
1.38259
1.41891
1.42557
1.29267
1.46315
1.67297
1.33643
1.55062
1.62404
1.45891
1.63891
1.29954
1.45018
1.52726
1.28171
1.29954
1.26494
1.49256
1.50631
1.69528
1.53078
1.52396
1.39228
1.40029
1.41079
1.61941
1.37054
1.46714
1.64458
1.67016
1.60181
1.59323
1.41832
1.70682
1.40701
1.44784
1.50245
1.40093
1.57657
1.48223
1.46711
1.30374
1.67535
1.52488
1.24573
1.46678
1.43426
1.63275
1.35254
1.45761
1.55759
1.37749
1.41965
1.22753
1.42242
1.53496
1.38409
1.39043
1.4581
1.59641
1.35472
1.60594
1.3862
1.59382
1.75019
1.34855
1.54239
1.36837
1.40074
1.49695
1.60707
1.28243
1.75431
1.38216
1.44907
1.52452
1.65536
1.49845
1.4225
1.4212
1.65053
1.38005
1.59881
1.71751
1.5094
1.60743
1.52013
1.34132
1.45418
1.52882
1.39513
1.26159
1.24401
1.85518
1.61106
1.48058
1.37364
1.47022
1.50193
1.4824
1.46266
1.62922
1.35384
1.58533
1.60707
1.52234
1.46948
1.53905
1.68725
1.54765
1.26682
1.67176
1.59487
1.55425
2.03507
1.69681
1.59677
1.4667
1.44864
1.6781
1.46658
1.27617
1.34762
1.44161
1.43845
1.60791
1.50993
1.482
1.46495
1.33881
1.44332
1.39418
1.44803
1.59961
1.51052
1.61172
1.99003
1.4769
1.30972
1.57178
1.71881
1.64878
1.44228
1.28481
1.5604
1.43235
1.44669
1.55781
1.54581
1.58487
1.65465
1.79307
1.34938
1.37508
1.49675
1.35071
1.44179
1.18272
1.40051
1.70185
1.38144
1.50979
1.44568
1.65332
1.38839
1.31239
1.55748
1.44508
1.52932
1.51548
1.50467
1.35393
1.24732
1.46549
1.59024
1.87912
1.36598
1.37979
1.60214
1.40493
1.32423
1.60314
1.44531
1.56109
1.56623
1.50465
1.595
1.64187
1.40193
1.46574
1.61787
1.58259
1.63575
1.74099
1.43083
1.23112
1.43898
1.65886
1.46169
1.46664
1.43937
1.32632
1.54535
1.69757
1.50887
1.64522
1.52532
1.32204
1.41628
1.35808
1.56814
1.5151
1.68833
1.39051
1.38904
1.50795
1.54394
1.38198
1.48438
1.47575
1.66366
1.45077
1.52065
1.45246
1.77893
1.51173
1.29973
1.28031
1.49828
1.41699
1.41213
1.47056
1.67201
1.52083
1.5069
1.61384
1.54011
1.59112
1.52157
1.74645
1.45733
1.55432
1.32566
1.52688
1.58856
1.61431
1.77055
1.66092
1.40671
1.46727
1.57027
1.54953
1.32117
1.40135
1.72891
1.70805
1.60598
1.45113
1.43547
1.39693
1.81928
1.32958
1.5496
1.48378
1.63088
1.37102
1.42093
1.45194
1.53753
1.40834
1.60184
1.64327
1.43071
1.49872
1.58447
1.82678
1.35619
1.36898
1.53086
1.40645
1.16095
1.54902
1.30491
1.37612
1.53314
1.44431
1.35207
1.28321
1.4698
1.62627
1.4766
1.34546
1.39326
1.48077
1.40519
1.30274
1.43949
1.68272
1.31314
1.42198
1.33114
1.49925
