51.9615
51.6582
51.5324
50.2837
51.1956
51.1956
50.1686
50.1686
50.5176
50.0622
49.8911
49.6871
49.8631
49.8631
49.8631
49.8631
48.9422
48.9871
49.7581
49.4179
49.3788
49.267
47.6241
46.8548
45.5686
44.9176
44.8157
44.5966
45.0625
45.0625
45.0625
45.8453
45.4998
45.5753
45.7089
45.1785
46.0888
46.0888
46.6838
46.1402
46.2719
46.2719
46.6331
45.9892
46.0596
44.9068
45.4952
44.1484
44.1484
44.9869
45.3891
44.9243
44.9708
44.522
43.8732
44.6674
44.6674
44.9431
44.9431
44.2951
44.2951
43.9596
43.3965
42.7097
42.334
42.334
40.9586
39.3499
38.5397
38.7092
38.5814
38.1118
38.9797
37.7642
37.7642
37.583
37.0815
36.2704
35.2722
35.455
35.455
35.455
34.6487
33.1369
33.1369
32.5978
32.5978
32.0969
32.9357
32.2457
32.2461
31.9084
31.3411
31.2734
30.6808
30.3124
30.3124
29.0282
28.0478
28.0478
28.0478
28.6989
28.4918
28.4918
28.4918
27.0452
27.0452
27.0452
27.3152
27.0397
26.0772
24.7166
24.7166
24.4546
22.894
22.535
23.0029
23.0029
22.603
22.603
22.257
21.503
21.503
20.812
20.6967
20.1557
19.5178
19.4445
19.4445
19.6214
19.6214
19.6214
19.6214
19.5057
19.5057
18.6349
18.3692
18.3692
17.3352
17.5984
17.5984
16.1801
16.1801
15.1396
15.6438
15.6438
15.6438
14.9329
15.1081
14.1752
14.7437
13.4907
13.6337
13.4764
12.5838
11.4657
11.4334
11.5556
11.7209
11.7209
11.7209
11.3108
11.5247
11.5247
10.9139
11.0298
11.0298
10.6695
10.6695
10.8526
11.1085
10.3949
9.59401
9.11859
9.11859
9.11859
9.3507
9.5365
10.5092
9.26512
8.03166
8.03166
8.38235
7.96361
7.96361
7.96361
8.27588
7.79488
6.99017
6.56376
5.28671
6.19304
6.42348
6.6436
5.77215
5.42268
5.42268
5.42268
5.42268
5.08959
5.08959
5.08959
3.49944
3.49944
3.73516
4.57952
4.49106
4.49106
4.22286
4.0581
4.57014
3.40158
3.12336
2.37597
1.32566
1.13865
1.13865
1.13865
1.13865
1.04937
1.04937
2.03031
2.282
1.60267
1.60267
1.60267
1.60267
1.31777
1.57624
0.853582
0.995382
0.995382
0.995382
0.995382
1.61847
0.726683
0.726683
0.726683
0.726683
0.634037
0.634037
0.317645
0.317645
0.317645
0.317645
0.8723
0.8723
0.8723
1.09919
2.17736
2.17736
1.34899
1.93403
2.43923
1.90215
2.61286
2.23235
1.24627
0.738092
0.738092
0.935623
0.589137
0.589137
0.589137
0.589137
0.589137
0.589137
0.589137
0.589137
0.589137
0.589137
0.589137
0.589137
0.589137
0.589137
0.589137
0.589137
0.589137
1.32285
0.82482
0.82482
1.10679
1.02913
1.02913
1.64784
1.19359
1.60736
1.84405
1.69531
0.860212
0.860212
0.8295
0.8295
0.812659
1.49909
1.49909
1.49909
1.26505
2.37887
2.37887
2.57046
2.57046
1.25229
1.25229
1.47663
1.24001
1.24001
1.04276
1.04276
1.47877
1.47877
2.33254
2.33254
3.15826
2.7554
1.53425
2.01954
2.01954
2.01954
2.01954
2.01954
1.81196
1.81196
1.81196
1.57718
0.378656
0.378656
0.844691
0.499249
0.347246
1.73077
1.73077
1.36495
1.07528
1.07528
1.07528
0.517202
0.718758
0.829484
1.07233
0.389538
0.389538
0.389538
0.389538
0.470004
0.470004
0.9146
0.9146
1.51169
1.04064
1.04064
0.283317
0.283317
0.283317
0.283317
0.283317
0.283317
0.283317
0.283317
0.283317
0.88389
0.879632
0.934768
0.934768
0.934768
1.52923
1.4982
0.372325
1.02653
0.753957
0.753957
0.753957
0.753957
0.67837
0.67837
0.67837
1.01113
1.01113
0.391395
0.391395
0.391395
0.391395
0.92747
0.92747
1.5847
1.65613
2.28604
2.29775
2.32597
2.32597
2.60466
3.0463
2.62074
2.62074
2.17693
2.18679
2.19611
1.45526
0.668511
0.668511
1.52321
1.82349
1.82349
1.82349
1.54658
2.19665
2.15933
1.66042
1.66042
0.500993
0.500993
0.500993
0.500993
0.682771
1.12644
2.11128
2.11128
2.01968
2.76016
2.9557
3.04559
1.96787
1.93743
1.85597
2.18706
1.83119
1.83119
1.22371
1.22371
1.22371
1.22371
1.22371
1.22371
0.72857
0.72857
0.72857
0.944462
1.4178
1.4178
1.4178
1.36199
1.55436
1.55436
1.55436
1.55436
2.06538
2.29422
1.97164
1.63285
1.63285
1.56858
1.12529
1.12529
1.19699
1.19699
1.19699
1.19699
1.5674
0.529124
0.529124
0.529124
0.956457
0.956457
0.956457
0.956457
1.89907
2.47084
2.49499
2.49499
2.49499
1.94971
1.52105
1.49233
1.49233
1.69764
2.28647
2.28488
2.35911
2.35911
2.35911
2.24304
2.24304
2.24304
2.24304
3.17436
3.66083
3.4065
3.4065
3.4065
3.08569
2.88408
2.65709
2.55142
1.48615
1.48615
1.48615
1.48615
1.50174
1.39889
1.39889
1.39889
1.64421
1.57201
1.80083
1.57515
1.5759
1.63774
2.12206
2.26798
2.14913
1.93229
2.05563
2.05563
2.14533
1.7621
1.7621
1.09043
1.09043
1.09043
1.09043
1.09043
1.09043
1.09043
0.968677
0.968677
0.968677
0.968677
1.03545
0.86492
0.86492
0.86492
0.94026
0.94026
0.94026
0.982792
0.982792
1.00073
1.00073
1.00073
1.22946
0.901451
0.901451
0.901451
1.16911
1.16911
1.24475
1.97106
1.52705
1.52705
1.53306
1.53306
1.06711
1.06711
1.23049
1.42741
1.42741
2.87561
2.87561
2.87561
3.47344
3.30303
4.02153
4.02153
4.14659
4.14659
4.64053
4.69593
4.76992
4.66546
4.66546
4.16674
4.41251
4.41251
4.08594
4.08594
3.97878
4.67721
4.66732
4.66732
4.66732
4.70169
4.70169
4.14449
4.90191
4.90191
4.52568
4.52568
4.52568
4.52568
4.52568
3.84485
2.85909
2.71157
2.88424
2.84958
2.84958
2.86091
2.86091
1.41983
1.41983
1.41983
1.41983
1.41983
1.34294
1.34294
1.09672
0.982953
0.940911
0.940911
0.940911
0.940911
1.1912
1.1912
0.661738
0.661738
0.661738
0.827338
0.827338
0.827338
0.827338
1.29101
1.29101
0.948885
0.948885
0.948885
0.948885
0.949079
0.949079
0.949079
0.949079
1.05053
0.655608
0.655608
0.655608
0.655608
0.610542
0.823055
0.823055
0.588992
0.588992
0.588992
0.588992
0.588992
0.588992
1.54237
2.15627
1.64381
1.64381
1.64381
1.64381
1.94267
1.70481
1.70481
1.70481
2.43783
2.43783
2.43783
1.88171
1.88171
1.29978
1.29978
1.47007
1.8419
1.76849
1.76849
1.76849
1.76849
1.76849
1.76849
1.76849
2.10995
2.10995
2.10995
2.19138
2.19138
2.19138
2.19138
2.26867
2.62768
2.09773
1.94557
1.94557
1.94557
1.94557
1.7495
1.91838
1.91838
1.91838
1.93393
1.31732
0.882473
0.882473
0.547185
0.547185
0.886885
1.07823
1.07823
1.07823
1.07823
1.07823
2.02069
1.28651
1.17182
1.17182
1.12865
0.95512
0.95512
0.95512
1.47768
0.543512
0.543512
0.980132
1.31293
2.04594
2.15579
1.45237
1.38613
0.938387
0.886753
1.49811
0.730661
0.730661
0.730661
0.689447
1.368
1.41519
1.41519
1.41519
1.41519
1.21738
1.21738
1.21738
1.25992
0.702167
0.670643
0.670643
0.670643
0.670643
0.670643
2.0811
1.68456
1.79714
1.80054
2.07875
2.1151
2.1151
2.1151
1.81364
2.44451
1.50003
0.937768
1.77522
1.77522
1.77522
2.33863
2.33863
2.72665
2.72665
3.79638
3.40284
3.66625
3.71076
3.12313
3.19719
3.19719
3.37747
3.37747
3.33056
2.23066
1.29738
2.81321
2.81321
1.80161
2.58919
2.58919
2.27619
2.27619
3.22926
3.22926
3.00353
2.83231
2.99113
2.99113
3.71431
3.71431
3.36304
3.36304
2.24541
2.24541
2.26834
1.40636
1.40636
1.4165
2.06098
1.6962
1.6962
1.81687
1.15606
1.4007
2.07461
2.07461
2.09042
2.09042
1.02244
1.02244
1.74777
1.88533
1.14773
1.83831
1.83831
1.83831
1.50471
0.869712
0.763895
0.763895
0.618761
1.82626
1.66596
2.74757
2.74757
2.74757
2.74757
2.95675
3.57422
2.85032
2.85032
4.24348
3.64914
3.64914
3.41754
3.41754
3.40532
3.10865
2.92887
2.92887
3.31745
2.59422
2.59422
2.42782
2.15897
2.91557
3.53445
3.53445
3.53445
2.49745
2.49745
2.49745
2.45823
1.97666
1.15584
1.60671
1.60671
1.19188
1.19188
1.19188
2.13892
2.13892
2.13892
2.13892
2.13892
1.14516
1.5822
1.56949
1.56949
1.56949
1.13593
1.13593
0.404379
0.404379
0.404379
0.676214
0.491489
0.491489
0.491489
0.491489
0.491489
0.491489
0.491489
0.491489
1.14161
0.409583
0.409583
1.47173
1.06966
1.64513
1.45457
2.25617
2.25617
2.25617
1.59806
1.53637
1.53637
1.53637
1.53637
1.53637
1.53637
1.11821
1.11821
2.0838
1.32889
2.0732
2.0732
2.22152
2.22152
1.48611
1.47109
1.47109
1.47109
1.48592
1.48592
1.48592
0.551645
0.551645
0.551645
0.551645
0.551645
0.551645
0.551645
1.02952
1.02952
0.979084
0.921136
0.773025
0.773025
1.40946
1.40946
1.40946
1.40946
1.74433
1.74433
1.86904
1.82913
1.82913
2.48755
2.32609
2.08754
2.08754
2.38051
2.5376
2.6771
2.6771
2.58771
2.5189
1.87997
2.37905
2.37905
2.36256
2.8226
2.95272
3.17633
3.17633
3.17633
3.62342
3.62342
3.38855
2.67951
2.67951
2.57495
2.57495
2.57495
2.57495
3.3935
3.81322
4.15915
3.59542
3.59542
2.95895
2.95895
3.25308
3.25075
2.85998
2.54657
2.54657
1.77618
1.03719
1.03719
1.03719
1.03719
0.584771
0.584771
0.584771
0.584771
0.584771
0.584771
0.584771
0.584771
0.584771
0.584771
0.584771
0.584771
0.584771
0.584771
0.747204
0.747204
0.747204
0.747204
0.747204
0.747204
0.956452
0.956452
0.956452
1.45573
1.45573
1.45573
1.64318
0.980855
0.980855
0.980855
0.980855
0.980855
0.980855
0.980855
1.05811
0.499059
0.499059
0.499059
0.499059
1.28009
1.28009
1.89957
1.889
1.11291
0.926303
0.926303
0.807451
1.46447
1.01636
0.958416
0.374116
0.374116
0.374116
0.374116
0.374116
1.08774
0.408572
0.408572
0.408572
0.408572
0.408572
0.408572
0.762509
1.77949
0.579592
0.579592
0.871395
0.871395
0.871395
0.74487
0.74487
0.67002
0.67002
0.67002
0.67002
0.67002
0.67002
0.67002
0.67002
1.51708
1.51708
1.51708
2.022
2.022
2.5012
2.21295
2.21295
2.34358
2.34358
2.47187
2.47187
2.47187
1.9697
2.01483
0.835496
0.835496
1.13586
1.19295
1.19295
1.19295
1.19295
1.65538
1.66815
1.61179
1.16684
1.16684
1.16684
1.16684
2.12649
2.12649
1.63882
1.93236
1.61922
1.61922
1.61922
1.26468
1.49463
0.553784
0.553784
0.553784
0.291449
0.291449
0.291449
0.291449
0.291449
0.81783
0.739198
0.739198
0.739198
0.517541
1.39372
1.39372
1.39372
1.39372
1.39372
1.69282
1.15011
1.27945
0.932623
1.14391
1.59718
1.95508
1.95508
2.62659
2.18487
1.8078
1.8078
1.32782
1.22199
1.22199
1.2074
1.2074
0.655932
1.6465
1.44164
2.23651
2.34187
2.97648
2.93063
2.93063
2.93063
2.30217
2.30217
1.16799
1.14538
1.14538
0.303915
0.303915
0.303915
1.18053
1.18053
1.84428
1.64844
1.64844
1.77188
2.55429
2.55429
2.55429
1.57277
1.16776
1.16776
1.16776
1.16776
1.16776
1.61832
1.42473
0.99946
0.99946
0.99946
0.99946
0.99946
0.99946
0.99946
1.16543
0.987002
0.987002
0.71611
1.40302
1.40302
1.40302
1.36743
1.36743
1.9502
2.2804
2.2804
2.2804
2.2804
2.2804
1.61474
1.61474
1.38152
1.38152
1.81819
1.81819
2.55809
2.55809
1.95329
2.17005
2.17005
1.47864
1.21311
1.57439
1.57439
0.910787
0.910787
0.910787
0.788758
1.04837
1.04837
1.10673
1.10673
1.10673
1.11798
0.604724
0.378594
0.378594
0.378594
0.378594
0.871501
0.883109
0.124994
0.124994
0.124994
0.124994
0.124994
0.124994
0.76597
0.68375
0.68375
0.68375
0.68375
0.699475
0.699475
0.699475
0.463189
1.23325
0.944791
1.91428
1.91428
3.04458
3.04458
3.04458
3.09228
3.09228
3.09228
3.09228
3.09228
3.10967
2.6769
2.6769
2.6769
2.32812
2.21667
1.89146
1.89146
1.89146
1.89146
1.41395
1.41395
1.0979
1.0979
1.0979
1.84711
1.33938
1.33938
1.2923
1.41601
1.41601
1.41601
1.47105
1.50913
1.50913
1.50913
1.50913
1.50913
0.802564
0.802564
0.802564
1.42451
1.42451
1.42451
1.42451
0.906678
2.03251
2.25097
2.40718
1.88817
2.78867
2.66255
2.62544
3.09555
3.51668
3.51668
3.61884
2.9676
2.3831
1.38702
1.07971
0.606272
0.606272
0.881945
0.778118
1.93035
2.07961
2.07961
2.07961
1.92985
1.92985
1.92985
1.92985
1.53858
1.16605
1.86176
1.909
1.72366
1.72366
1.55647
2.15965
2.15965
1.68247
1.11851
0.348638
0.348638
0.348638
0.348638
0.348638
0.348638
0.41196
0.41196
0.41196
0.41196
1.4563
1.05778
0.986657
0.986657
0.986657
0.355698
0.355698
0.866611
0.556005
0.556005
0.556005
0.592283
1.11628
2.29628
2.68105
2.97746
2.90014
2.93783
2.93783
3.27936
3.27936
3.10982
2.85845
3.11389
2.64688
2.63871
3.32925
2.65699
2.40516
2.40516
2.09405
1.02087
0.955691
0.955691
0.948923
0.948923
0.948923
1.22992
0.958523
0.958523
0.958523
0.860144
0.659441
0.659441
0.659441
0.659441
1.19015
1.19015
1.19015
1.65232
1.65232
1.13981
2.1291
2.46775
2.46775
2.46775
2.46775
2.46775
2.46775
2.46775
2.46775
2.04036
1.44389
2.07439
2.07439
2.07439
1.60957
1.63822
1.98053
1.98053
2.30012
3.12273
3.93205
3.93205
3.93205
3.58804
3.58804
3.31442
3.31442
3.28563
3.28563
3.28563
2.8111
2.8111
1.56903
1.50948
2.15506
1.39405
1.06298
1.06298
2.13684
2.13684
2.13684
1.83144
1.83144
1.83144
1.83144
1.48322
1.48322
1.56225
1.56225
1.78055
1.78055
1.60132
1.56838
1.56838
1.47471
0.67041
0.67041
0.67041
0.67041
0.636841
0.636841
0.636841
0.636841
0.536539
1.0172
1.0172
1.50499
1.50499
0.904644
0.904644
0.904644
0.904644
0.723305
1.27636
1.46461
1.46461
1.46461
1.54552
1.54552
1.07052
1.07052
2.07486
2.07486
1.70707
2.23187
2.23187
2.23187
1.28169
1.28169
1.28169
1.28169
1.41196
2.22122
2.22122
2.34612
2.34612
2.34612
2.61306
2.65637
3.69158
4.64094
4.50833
4.50833
4.50833
3.98495
4.21725
3.65759
4.52176
4.30551
4.30551
4.17525
3.67658
2.94327
2.31488
2.31488
2.6831
2.6779
2.6779
3.40736
3.58571
3.07131
3.07131
2.97961
2.33394
3.11764
3.11764
2.25926
3.28304
3.88526
3.09
2.73241
2.73241
2.61666
2.61666
2.61666
2.94603
2.94603
2.70173
2.86761
3.26469
3.32358
3.0154
2.56338
2.56338
2.73004
2.30317
1.5858
1.36706
1.07466
1.07466
1.07466
1.07466
1.07466
0.724945
1.00571
1.00571
0.868404
1.9919
1.58399
1.58399
1.31784
1.31784
1.58101
1.58101
1.58101
1.74256
1.74256
1.0379
1.0379
1.0379
1.54878
1.07531
1.26857
1.40556
1.11643
1.12703
1.12703
1.78553
1.78553
1.1545
0.974537
0.616526
0.827788
0.827788
1.36939
1.36939
0.596492
0.198823
0.198823
0.198823
0.198823
0.198823
0.198823
1.42662
2.00684
2.56309
2.29812
1.75709
1.75709
2.51453
2.51453
2.51453
1.7321
1.77783
2.64888
2.713
2.97453
3.07432
3.73534
3.67454
3.67454
4.06389
3.68893
3.06497
2.67575
3.10505
2.91351
2.91351
2.91351
2.67447
1.81145
1.74114
1.86056
1.86056
1.33572
1.33572
1.33572
1.77489
1.61511
1.56648
1.56648
1.56648
1.50932
1.50932
0.863013
0.863013
1.41653
1.41653
1.75779
1.26236
0.780931
0.929331
0.929331
0.929331
1.31785
1.31785
1.64322
1.64322
1.89636
1.89636
1.89636
1.89636
1.1606
1.1606
1.42589
1.38554
0.616553
0.616553
0.616553
1.32703
1.32703
1.79913
1.79913
1.79913
1.86517
3.06719
2.13495
2.13495
2.13495
1.4365
1.4365
1.93105
1.93105
1.93105
1.93105
1.59855
1.59855
3.09775
3.65725
3.23708
3.23708
4.00884
4.31387
4.31387
4.31387
4.31387
4.27206
3.78712
3.78712
3.68683
3.96961
4.0287
3.48943
3.49756
3.48034
3.02563
3.02563
3.02563
3.02563
2.86155
3.68952
3.7184
3.7184
3.7184
3.7184
3.7184
3.70635
3.70635
3.50381
3.50381
3.20833
2.69781
2.69781
2.67117
2.67117
2.42872
2.42872
2.06936
2.14734
1.97243
1.97243
1.97243
2.15423
1.57304
2.5098
1.95938
1.97617
1.50546
2.40935
3.33948
4.61839
4.61839
4.11628
4.11628
4.11628
4.11628
4.0463
4.7684
3.79507
3.81878
4.39145
4.39145
4.39145
3.89215
3.80261
3.82648
4.44014
5.04201
5.17167
4.54071
4.49623
4.05445
4.05445
4.58032
5.50688
5.50688
5.21595
4.98252
4.62048
4.62048
4.82231
3.93613
4.05586
4.05586
4.05586
4.0838
4.27059
4.27059
4.13337
4.63318
4.37392
3.53658
3.36548
3.27995
3.21286
3.21286
1.76722
1.76722
1.81152
1.81152
1.81152
1.78282
2.22924
2.22924
2.22924
1.88287
1.71746
2.3956
1.90159
1.90669
1.55963
0.890791
0.719343
1.03303
0.445804
0.445804
0.989682
0.989682
0.199799
0.199799
0.199799
0.199799
0.199799
0.199799
0.199799
0.673638
0.901162
0.620841
0.620841
0.875453
1.20622
1.20622
1.20622
1.4736
2.57382
2.57382
3.00126
3.00126
3.00126
3.00126
2.13255
2.13255
1.54533
1.54533
1.54533
1.54533
1.64198
1.64198
1.64198
1.64198
1.64198
1.64198
1.71151
1.76504
1.21656
1.21656
1.15933
1.15933
1.15933
1.05874
1.05874
1.7144
1.7144
2.02055
2.87834
2.87834
2.87834
2.93239
2.93239
2.93239
2.16428
2.07805
2.07805
1.10297
1.84666
1.84666
1.84666
1.90455
2.91064
2.91064
2.98671
2.98671
3.32227
3.79093
4.17236
4.17236
4.22363
4.22363
4.22363
4.22363
3.99491
3.99491
3.77262
3.3829
3.3829
4.75655
3.6502
2.47042
2.47042
2.47042
2.47042
2.47042
2.98463
2.98463
2.90924
1.71394
2.01251
1.55642
1.55642
1.55642
1.55642
1.55642
1.55642
0.364489
0.364489
0.288218
0.288218
0.288218
1.10745
1.10745
1.10745
1.67632
1.76611
1.98654
2.16177
2.16177
1.51101
1.51101
1.25772
1.40147
1.40147
1.40147
1.40147
1.47169
1.28831
1.16729
1.16729
1.06973
1.03662
1.03662
1.03662
1.03662
1.03662
1.03662
1.41729
1.41729
1.02185
1.02185
1.45153
1.45153
0.759651
0.759651
1.27848
0.783367
0.783367
0.783367
0.597142
1.47981
0.87241
0.742513
1.18381
0.611148
0.451142
1.47706
1.28488
0.961125
0.961125
0.961125
1.28003
0.833142
0.864026
0.864026
1.014
1.014
0.976613
0.976613
0.976613
0.976613
0.609129
0.701555
0.701555
0.701555
0.701555
0.305112
1.34532
1.34532
1.34532
1.0355
2.75745
2.80517
2.80517
2.80397
2.43136
2.85654
2.85654
2.66721
3.34152
3.34152
3.34152
2.84726
2.36105
2.45208
2.45208
3.12863
3.12863
3.12863
2.89674
2.57175
2.35162
2.35162
2.47332
1.72493
1.72493
1.62309
1.13363
1.13363
0.646422
0.968911
0.968911
1.32203
1.32203
1.69274
1.69274
0.779468
0.779468
0.779468
0.779468
0.847635
0.669284
0.669284
0.669284
0.669284
0.669284
0.370536
0.370536
0.370536
0.726365
0.726365
0.381577
0.381577
0.839147
0.839147
0.839147
0.839147
0.945203
1.1679
1.69908
1.37444
1.37444
0.865428
0.865428
0.901316
0.901316
1.47303
1.47303
1.94229
1.94229
1.94229
1.94229
1.94229
1.94229
1.94229
1.94229
1.94229
1.94229
1.94229
1.0516
1.0516
1.0516
0.956305
1.15595
1.15595
1.15595
1.15595
0.916889
0.916889
0.916889
0.916889
0.916889
1.3903
1.92472
2.14111
1.31841
1.31841
1.31302
2.10602
2.10602
2.67334
2.10411
2.19486
2.19486
3.33679
3.33679
3.06283
3.06283
3.29034
3.83507
3.42826
3.42826
3.32809
3.32809
3.39648
2.84992
2.0676
2.0676
2.15486
2.15486
2.53484
2.72548
2.85703
2.4616
2.4616
2.4616
2.49049
2.479
2.39735
1.33186
1.33186
1.28133
1.28133
1.28133
1.38017
1.30797
1.30797
1.30797
1.30797
2.50445
1.71939
0.932588
0.917255
0.917255
2.39926
2.27856
2.27856
2.27856
2.45485
2.45485
2.96118
2.96118
3.15209
2.6378
2.6378
2.6378
1.52103
1.55456
1.78373
1.36856
1.36856
1.40987
1.40987
1.45628
1.45628
2.49612
2.28107
2.28107
2.80299
2.80299
2.80299
2.24343
2.24343
2.24343
2.99611
2.87748
2.18764
1.50238
1.50238
1.37684
1.3312
1.3312
1.5994
1.5994
1.5994
1.5994
1.5994
1.54396
1.93206
1.93206
1.93206
1.93206
1.22706
1.27863
1.27863
1.02364
1.02364
1.63982
1.63982
1.63982
1.73484
1.42841
0.967229
0.967229
0.672667
0.672667
0.672667
0.672667
1.22986
1.45885
1.45885
1.84826
1.83138
1.83138
1.38534
2.27907
1.39521
2.38304
2.38304
2.38304
2.38304
1.83254
2.96788
2.96788
2.89991
2.54827
2.14728
2.14728
2.56738
2.7446
2.82816
1.88697
2.10514
3.09084
3.05351
2.43835
3.29118
3.29118
3.29118
3.75651
3.75651
3.65111
4.43399
4.43399
4.34753
3.9832
3.9832
3.54599
3.60585
4.30835
4.30835
3.94257
3.40198
2.31441
2.31441
2.64594
2.72435
2.72435
2.72435
2.23681
3.25694
3.25694
2.62324
3.20294
3.22162
3.22162
3.22162
3.22162
3.22162
3.22162
2.74596
2.74596
2.74596
1.67493
1.91396
1.50878
1.50878
1.50878
1.21655
1.22825
1.21952
1.21952
1.21952
0.741436
0.769213
0.769213
0.769213
1.02898
1.23566
1.23566
1.5933
1.5933
1.57412
1.57412
1.57412
1.87836
2.82582
2.82582
1.77347
1.77347
2.24293
1.9702
1.9702
1.9702
1.9702
2.36051
2.36051
2.71846
2.59444
1.85696
2.98027
3.31484
3.69411
2.76859
2.76859
2.76859
3.3404
3.3404
3.3404
3.46532
3.06883
2.28471
1.45785
1.45785
1.3133
1.3133
1.60908
1.60908
2.12409
2.12409
2.12409
1.0617
1.0617
1.29751
1.61163
2.27865
2.61927
2.53925
1.86038
2.64078
2.64168
1.86951
1.32796
1.32796
1.32796
1.32796
1.47373
1.32514
1.32514
1.47509
1.61466
1.46566
1.46566
1.20449
1.20449
0.491198
0.491198
0.225534
0.225534
0.225534
0.225534
0.225534
0.225534
0.225534
0.225534
0.225534
0.225534
0.225534
0.225534
1.29802
1.29802
0.98733
1.29178
0.534576
0.695241
0.695241
1.65053
1.82005
1.42349
1.42349
1.42349
1.97204
2.62761
2.62761
2.62761
2.05199
1.53267
1.09096
1.09096
1.09096
1.09096
0.659364
0.850415
0.850415
0.850415
0.850415
0.850415
0.93321
0.93321
0.874314
0.874314
0.874314
0.874314
0.874314
0.874314
0.874314
1.09387
1.09387
1.42923
1.42923
1.08038
1.08038
1.08038
0.535789
0.535789
0.535789
1.63896
2.14651
2.14651
2.22148
2.22148
1.39112
1.39112
1.64915
1.64915
1.76583
2.51005
2.51005
2.55209
2.60448
2.58001
2.05698
1.83759
1.83759
1.83759
1.83759
1.48755
1.48755
2.78928
2.55471
2.55471
2.55471
2.0999
2.85706
1.96944
1.96944
1.96944
1.82608
2.19505
2.19505
1.88331
2.76472
2.76472
2.76472
2.60269
2.5716
2.03725
2.03725
1.56962
1.22566
1.80026
2.31603
1.29774
0.538354
0.235688
0.235688
0.235688
0.235688
0.235688
0.235688
0.235688
0.235688
0.235688
0.235688
0.235688
0.235688
0.999412
0.999412
0.999412
0.999412
0.464987
1.38326
1.35693
1.27788
0.895187
1.67986
1.84883
1.84883
1.45224
1.39077
2.02996
2.02996
2.02996
2.02996
2.03229
2.03229
2.03229
2.03229
2.03229
2.36355
1.49036
1.1483
1.1483
2.13938
2.13938
2.13938
2.13938
1.87421
1.87421
2.54229
2.54229
2.54229
2.67557
3.75044
3.29436
3.34114
3.34114
3.34114
3.34114
3.34114
3.09053
2.10456
2.10456
1.44717
0.836481
0.337554
0.848463
0.423795
0.423795
0.423795
0.423795
0.423795
1.1794
1.20066
1.20066
0.801284
0.801284
0.801284
0.801284
0.801284
1.22963
1.32469
1.32469
1.29831
1.29831
1.30469
1.30469
1.30469
0.776912
0.776912
0.776912
0.776912
0.776912
0.776912
1.23052
0.908258
0.963183
0.963183
0.990386
0.990386
0.991448
1.08629
1.08629
0.916655
0.916655
0.918102
0.918102
0.918102
0.918102
0.918102
2.10001
2.27764
2.27764
2.35886
2.68773
3.36439
3.36439
3.36439
1.84135
1.84135
1.85273
1.00967
1.03212
0.568387
0.676197
1.48287
1.7888
0.4583
0.4583
0.4583
0.4583
0.4583
0.4583
0.4583
1.1167
0.87423
0.87423
0.724693
0.724693
0.724693
0.724693
0.724693
0.724693
1.42813
1.42813
1.42813
1.42813
1.42813
2.02538
1.95739
0.773891
0.773891
0.773891
0.773891
0.773891
0.773891
0.773891
1.32425
2.05922
2.74866
2.74866
2.74866
2.74866
2.74866
1.77823
1.77823
1.63737
1.67599
1.67599
1.67599
1.16961
1.16961
1.16961
1.16961
1.16961
1.16961
1.5264
1.72399
1.72399
0.972259
0.511042
0.511042
0.511042
0.511042
0.511042
0.511042
0.511042
1.65801
1.74872
1.74872
1.74872
2.18747
2.18747
2.79762
3.46535
2.07234
2.07234
1.78237
1.78237
1.78237
0.607325
0.654104
0.900284
0.210139
0.210139
0.210139
0.210139
0.210139
0.210139
0.210139
0.770235
0.834868
0.661251
0.661251
0.661251
0.466357
0.466357
1.48082
1.16545
1.16545
1.16545
1.38399
2.43702
2.43702
2.43702
2.43702
1.87456
1.07743
1.07743
0.928496
0.928496
1.93622
2.38766
2.86215
2.69347
2.69347
1.79041
1.10515
1.10515
1.10515
0.596338
1.94193
1.94193
1.94193
2.59001
2.59001
2.59001
1.1958
1.1958
1.1958
1.35379
1.45784
1.79145
1.92282
1.92282
2.02145
2.19705
2.19705
1.95513
1.11902
1.11902
1.11902
1.16824
0.324309
0.324309
1.33748
1.33748
1.35658
1.35658
1.26643
1.26643
1.26643
1.26643
2.16985
2.38225
1.62258
1.75139
1.75139
1.75139
2.45679
2.90454
2.54873
2.54484
2.54484
2.54484
2.87975
1.44709
1.86158
1.74728
2.06764
2.06764
2.39344
1.95121
1.95121
1.52855
1.52855
1.52855
2.34817
1.95728
1.68714
1.25076
1.25076
1.25076
1.04509
1.04509
1.09546
1.09546
1.09546
1.62365
0.928319
2.58792
2.58792
2.40862
2.5616
2.63304
2.63304
2.63304
2.50573
2.28397
2.37227
2.4075
2.4075
2.91893
3.56739
3.56739
3.30978
3.39055
3.21779
3.26711
3.26711
3.2545
3.21831
3.20733
3.20733
3.20733
3.20733
3.08442
3.08442
2.47737
2.26857
2.23883
2.23883
2.45016
2.20507
1.03503
1.03503
1.03503
1.73956
1.96034
2.37772
1.8729
1.8729
1.4081
0.539665
1.49497
1.8933
2.21285
2.21285
2.00308
2.00308
2.00308
2.00308
1.7866
1.57271
0.862253
0.450513
0.450513
0.450513
0.450513
0.450513
0.450513
0.492906
0.492906
0.492906
0.492906
0.492906
0.492906
0.492906
0.492906
0.920209
0.920209
0.920209
0.920209
0.882695
0.525177
0.525177
0.525177
0.525177
0.562987
0.562987
0.562987
0.562987
0.562987
1.08727
1.08727
1.08727
1.08727
1.14978
1.14978
1.14978
2.50794
2.58745
3.16403
3.16403
3.79016
4.05569
4.3428
3.04666
3.54809
3.54809
3.40627
2.9736
2.3192
3.23764
4.08626
4.08626
3.82133
3.55076
3.55558
3.37276
3.36263
3.44059
3.44059
3.44059
3.44059
3.44059
3.44059
3.44059
2.31832
2.31832
2.31832
1.87325
1.87325
1.87325
1.87325
2.41951
1.37981
1.2206
1.36915
1.36915
0.573423
0.573423
0.573423
0.573423
0.573423
0.573423
0.573423
0.573423
0.573423
0.573423
0.747783
0.747783
0.747783
0.747783
0.747783
0.370618
0.370618
0.370618
0.370618
0.370618
0.370618
0.370618
0.641796
0.641796
1.46122
1.46122
2.21276
3.15503
3.15315
3.15315
2.88794
2.88794
2.88794
2.88794
2.88794
2.88794
2.88794
2.88794
3.91086
3.99324
2.97242
2.89863
2.89863
2.89863
1.75636
1.75636
1.75636
1.51802
1.51802
1.52921
1.45278
1.45278
1.53507
1.86899
1.86899
1.86899
1.64214
1.28003
1.28003
1.33853
1.45679
1.45679
1.45679
1.45679
1.45679
1.45679
1.45679
1.69865
1.20079
1.34377
1.34377
1.34377
1.49366
1.80022
3.28372
3.46015
2.55498
2.56894
2.61054
2.69732
2.69732
2.7337
2.96326
2.96326
2.43264
2.28536
2.28536
2.28536
2.28536
2.28536
1.06738
1.03792
1.03792
0.494024
0.494024
1.5011
0.890539
1.04316
1.04316
1.04316
0.449963
0.449963
0.449963
0.449963
1.13322
1.62885
1.62885
1.62885
1.62885
1.34301
1.76941
1.76941
1.654
1.654
1.61253
1.61253
1.78603
1.78603
1.78603
1.24501
0.54747
0.54747
0.739843
0.739843
1.44045
1.15109
1.7042
1.69861
1.69861
1.69861
1.44147
1.36477
1.36477
1.36477
0.594255
0.61606
0.754204
1.30196
1.30196
1.30196
0.958498
0.958498
0.958498
0.867186
0.867186
1.12059
1.12059
1.75639
1.02342
0.829036
1.52054
1.19774
1.19774
1.19774
1.19774
1.27697
1.33442
0.584089
0.823543
0.823543
0.823543
0.823543
1.75887
2.77174
1.61576
1.61576
0.991157
0.991157
0.952369
1.66282
1.30802
1.30802
1.30802
1.49707
1.49707
0.611211
0.611211
0.719225
1.62915
1.35721
1.35721
1.0495
0.608593
0.608593
0.608593
0.608593
0.532357
0.532357
0.636023
0.636023
0.734173
0.734173
0.734173
0.734173
0.995181
0.995181
0.995181
1.42889
1.42889
1.6578
0.764417
0.764417
0.764417
1.70363
1.70363
1.70363
1.41306
1.71617
1.71617
1.5833
1.10442
1.10442
1.10442
1.3611
1.04445
1.04445
0.246282
0.246282
0.246282
0.246282
0.805435
0.805435
0.925966
0.925966
0.925966
0.925966
0.925966
0.281816
0.281816
0.281816
0.572491
0.572491
1.59749
1.84458
1.00144
0.415089
0.415089
0.415089
0.96908
0.96908
0.991384
0.841639
0.841639
0.841639
0.841639
0.759651
0.759651
0.295319
0.275683
1.18392
1.18392
1.18392
1.18392
1.26693
0.775639
0.775639
0.775639
0.775639
0.775639
1.09347
1.63027
1.0799
0.71076
0.71076
0.71076
0.71076
0.71076
0.71076
0.71076
1.15037
1.58055
1.01869
1.01869
1.5112
1.087
1.54079
1.53465
1.26042
1.26042
1.26042
1.26042
1.26042
1.26042
1.18956
1.18956
1.18956
0.546647
1.87851
2.11659
2.58853
2.14125
2.14125
2.8476
2.8476
2.8476
2.8476
3.06785
3.15358
3.74802
3.45148
2.02183
2.49581
1.5083
1.85289
1.96533
1.96533
1.96533
1.96533
1.59722
1.59722
1.59722
1.28416
1.53177
2.18289
1.17608
1.17608
0.564536
0.564536
0.885368
0.885368
0.885368
0.885368
0.864902
1.36827
1.36827
1.36827
1.68309
1.52723
1.43944
1.43944
2.14139
2.25276
2.25276
2.25276
1.74604
1.74604
0.271153
0.271153
0.271153
0.271153
0.271153
0.271153
0.271153
0.615548
0.615548
0.615548
0.615548
0.615548
0.615548
0.615548
0.615548
0.615548
0.615548
1.22396
1.73222
1.73222
1.73222
1.73222
1.58577
1.06462
0.713609
1.20369
1.42884
1.36504
1.36504
1.23191
1.23191
1.23191
1.5201
1.5201
1.53817
1.53817
1.53817
1.10066
1.10066
1.71496
1.71496
0.827781
0.827781
0.827781
1.55976
1.55976
1.55976
1.55976
1.84385
2.15774
2.15774
2.15774
2.01122
0.916093
1.78016
1.78016
1.4214
1.4214
1.14498
1.33527
1.33527
1.25423
1.95825
2.65054
2.65054
2.65054
2.40039
2.34112
2.34112
2.54986
2.10869
2.39819
2.5978
2.89688
2.51603
2.51603
1.52472
1.11244
1.11244
0.87763
1.16191
1.16191
0.836224
0.836224
1.36515
1.36515
1.36515
1.36515
1.36515
1.67733
1.57866
1.57866
1.57866
1.03055
1.03055
1.03055
1.03055
0.999115
1.29682
1.29682
1.29682
1.75633
1.29628
1.7333
1.7333
1.7333
0.644175
0.930774
0.930774
0.930774
0.806911
0.806911
1.43703
1.61742
1.61742
1.61742
1.61742
1.61742
1.12247
1.12247
1.67858
1.67858
0.951667
0.951667
0.951667
0.951667
0.951667
1.48257
1.91901
1.91901
1.91901
1.91901
2.16634
2.80519
3.26637
2.47594
2.91261
2.51898
2.51898
2.91463
2.91463
3.0032
2.41053
2.7038
2.7259
1.50588
1.87809
1.4848
1.4848
1.53088
1.53088
0.703872
0.703872
0.703872
0.703872
0.703872
0.703872
0.621871
0.621871
0.491696
0.491696
1.09893
1.09893
1.06423
1.74903
1.74903
1.35754
1.35754
1.35754
2.23187
1.50046
1.50046
1.15835
0.450273
0.450273
0.450273
0.712752
1.55389
1.55389
2.17116
1.97891
1.97891
1.97891
1.87181
1.87181
1.87181
2.13767
2.13767
2.13767
1.62944
0.818197
0.818197
0.818197
1.35928
1.47439
1.47439
1.47439
1.36423
1.08818
1.08818
1.2592
0.91239
0.724892
0.724892
0.724892
0.724892
1.37925
0.923848
0.923848
0.808717
0.808717
0.808717
0.971226
1.49019
1.51494
1.37288
1.59011
1.59011
1.59011
3.01017
3.01017
3.16243
2.4255
2.96873
3.22949
3.22949
1.45948
1.82431
1.82431
1.49013
1.49013
0.52201
0.52201
1.28715
0.248789
0.248789
0.248789
0.248789
0.248789
0.450591
0.766869
0.766869
0.623364
0.623364
0.623364
0.623364
0.833617
2.06612
2.06612
1.40226
1.71906
1.71906
1.71249
1.71249
1.45264
1.54459
1.46672
2.19234
2.25033
2.64295
3.16995
3.16995
2.92121
2.92121
2.38223
2.38223
2.27474
3.01925
2.57472
2.57472
3.44571
2.57979
2.57979
2.57979
1.8968
1.95993
1.9978
1.70457
1.71962
0.250338
1.18093
1.18093
1.50796
2.45278
2.42176
2.42176
2.63941
2.63941
3.48008
3.48008
2.13054
2.13054
1.49056
2.08107
2.08107
2.00269
3.54804
2.13294
2.87039
3.17228
2.65797
1.5707
1.5707
1.5707
1.5707
1.74934
1.40041
1.40041
2.31009
1.66034
0.992762
0.823664
1.20141
1.20141
1.20141
1.20141
1.20141
1.87416
1.87416
1.87416
1.12445
1.19852
1.5261
1.24375
0.975384
1.30792
1.66094
1.66094
1.10772
1.10772
1.10772
1.7623
1.7623
1.7623
2.46338
2.78573
2.6669
2.6669
2.6669
2.38452
1.94365
1.88774
1.33498
0.681095
0.927913
0.687106
1.43596
0.302197
0.302197
0.302197
0.302197
1.27108
0.57008
0.57008
0.57008
0.57008
0.57008
1.06586
1.06586
1.18909
1.18909
0.722221
0.722221
0.722221
0.710429
0.710429
0.807754
1.66749
1.81234
2.40357
2.40357
2.40357
2.50515
2.50515
2.10125
0.938461
0.898052
1.09887
1.09887
1.00215
1.00215
1.76783
1.76783
1.76783
1.42449
1.5373
1.21894
1.21894
1.21894
1.17607
1.8184
1.8184
1.8184
1.81589
2.60537
2.27053
2.7681
2.62721
2.62721
2.04762
2.61784
2.92175
2.16854
2.51676
1.59143
1.08429
1.08429
1.08429
1.49012
1.49012
1.49012
1.33524
1.33524
1.1829
1.1829
1.708
1.708
1.708
1.72379
1.72379
1.4626
0.54484
0.54484
1.76251
1.76251
1.96692
1.80609
1.49563
2.21156
2.44275
2.44275
2.44275
2.64798
2.64798
2.64798
1.39936
1.39936
1.39936
1.39936
1.39936
0.793316
0.332926
0.332926
0.889921
0.701655
1.11208
1.11208
1.67057
1.34373
1.34373
1.34373
0.949548
0.949548
0.949548
1.38498
1.38498
0.999297
0.999297
1.07853
0.896701
0.720254
0.463653
0.463653
0.38559
0.38559
0.38559
1.06544
1.06544
1.06544
1.06544
1.87514
0.866909
0.247178
0.247178
0.247178
1.64105
1.64105
0.875089
0.875089
1.27474
1.27474
1.27474
1.27474
2.01855
2.01855
2.17618
2.38145
2.38145
2.93024
2.93024
2.93024
1.63744
1.23085
0.979473
0.979473
0.979473
0.979473
0.551404
0.551404
0.551404
0.799286
1.21605
1.21605
1.21605
1.21605
1.21605
1.21605
1.21605
1.21605
0.914503
0.914503
0.831576
0.831576
0.831576
0.831576
1.49441
1.49441
1.0129
1.29861
1.18544
1.18544
1.01432
1.01432
1.01432
0.893738
0.893738
0.893738
0.893738
0.893738
0.743447
0.743447
0.743447
0.672713
1.71674
1.76813
1.60743
1.60743
1.77543
1.997
1.997
1.49082
1.49082
1.49082
1.49082
1.49082
1.49082
2.43361
2.43361
1.3614
1.3614
1.3614
1.15351
1.43452
1.43452
1.03262
0.981012
1.03184
1.03184
0.989814
0.940034
2.02367
2.02367
1.19875
1.19875
1.19875
1.19875
1.19875
0.356046
0.356046
0.356046
0.519661
0.519661
0.519661
0.519661
0.519661
0.519661
0.519661
0.519661
0.519661
0.519661
0.519661
0.591054
0.591054
0.591054
0.591054
0.591054
0.591054
0.630406
0.630406
1.18874
1.18874
0.363738
0.363738
0.363738
1.21188
1.21188
1.21188
1.21188
0.78112
1.08238
1.80004
1.80004
2.16013
2.16013
1.73747
1.73747
0.275306
0.275306
0.275306
0.275306
0.280468
0.280468
0.280468
0.280468
0.280468
0.280468
1.15009
0.922105
0.922105
0.922105
1.48897
0.815645
0.815645
1.77532
1.68226
1.9555
1.9555
0.787438
0.787438
1.07634
1.07634
1.07634
0.891466
0.891466
0.794818
0.794818
0.794818
1.94465
2.37822
1.7777
1.01004
0.504452
1.17553
1.31027
1.31027
1.29074
1.29074
1.60741
1.21663
1.21663
1.27187
0.831603
0.831603
1.57954
1.69374
1.69374
2.06138
1.59369
1.59369
1.45998
1.55055
2.07415
2.07415
2.40365
2.90461
3.77984
3.77984
3.77984
3.73263
4.02349
3.37106
3.24702
3.0997
3.0997
1.67738
0.343605
0.343605
0.343605
0.482833
0.482833
1.15573
2.62241
2.62241
2.54012
2.54012
2.36699
2.99402
2.92852
2.92852
2.3459
2.3459
2.37585
1.25705
1.66524
1.54842
1.02791
1.52673
1.52673
1.14133
0.819423
0.819423
1.27459
1.15565
1.69826
1.0484
0.557271
0.557271
0.557271
0.557271
0.512491
0.512491
0.671599
0.671599
0.939344
0.939344
0.939344
2.00832
2.00832
2.01298
2.28004
2.39549
1.94327
1.66453
0.891298
0.556707
1.91014
1.91014
0.913554
0.913554
1.50962
2.21127
1.95279
1.95279
1.99826
1.99826
1.85004
1.30885
1.34789
1.34789
1.34789
1.34789
1.65026
1.17411
0.891501
0.441858
0.441858
0.441858
0.441858
0.441858
0.910277
1.31466
1.31466
1.31466
1.31466
1.31466
1.31466
0.963295
0.963295
0.977056
0.943991
0.943991
0.943991
0.968824
1.82557
2.77217
1.95522
1.78759
1.84186
2.07361
2.07361
1.58417
1.67047
1.70611
1.5114
1.5114
1.5114
1.5114
1.5114
2.3153
2.57604
2.91141
2.65512
2.65512
3.205
2.71217
2.83919
1.57339
1.57339
1.57339
1.57339
1.20139
1.20139
1.20139
0.663501
1.14227
1.55436
2.00692
2.41067
2.32763
2.04186
2.04186
2.04186
1.9404
1.9404
1.9404
1.9404
1.2931
1.2931
1.71001
1.71001
1.64904
1.64904
1.64904
1.64904
1.91241
1.91241
1.82715
1.53658
1.65081
1.65081
1.65081
1.65081
1.78269
0.858933
1.08495
1.08495
1.08495
1.08495
1.08495
1.70797
1.70797
1.70797
1.70797
1.70797
2.54914
3.21327
3.21327
2.79164
2.18471
2.18471
2.18471
1.13143
1.04595
1.11171
1.11171
0.860945
0.860945
0.734019
0.347006
0.77429
0.77429
0.77429
0.881847
1.28026
1.28026
1.28026
1.28026
1.28026
1.19089
1.85149
1.85149
1.7279
2.5544
2.5544
2.5544
2.68357
3.21677
2.15836
2.15836
1.57372
1.57372
1.57372
1.57372
0.991406
0.991406
0.991406
1.66829
1.40664
1.40664
0.885065
0.885065
0.885065
0.885065
0.885065
1.14926
1.14926
1.14926
1.14926
1.14926
1.14926
1.10224
1.10224
1.10224
1.10224
1.41239
1.41239
1.07513
1.07513
1.57356
1.57356
1.57356
1.57356
2.54308
2.54308
1.79927
1.86332
1.86332
1.86332
1.86332
2.14206
2.14206
1.97883
2.80128
2.80128
2.80128
2.80128
2.80128
1.94157
1.94157
1.94157
1.80031
1.32069
1.32069
1.1949
1.1949
0.675918
0.68459
0.68459
0.68459
1.0725
1.0725
1.48562
1.559
2.59927
2.76685
2.38962
2.20432
2.18454
2.01862
2.01862
2.01862
2.01862
2.01862
1.65681
1.65681
1.72572
1.72572
1.72572
1.72572
1.84773
1.84773
0.928835
0.890755
1.14116
1.30747
0.810857
0.810857
0.810857
0.810857
0.810857
0.810857
0.810857
0.810857
0.810857
0.810857
1.55173
1.55173
1.15721
1.15721
1.15721
1.15721
1.15721
0.856688
0.856688
1.10027
1.13448
1.13448
1.03462
1.89818
1.89445
2.19299
1.38606
1.38606
1.38606
0.728868
0.728868
0.728868
0.728868
0.647804
0.647804
0.647804
0.647804
0.647804
0.647804
0.647804
1.74233
1.74233
1.8218
1.8218
1.8218
1.8218
1.91993
1.91993
1.91993
1.91993
1.91993
2.06513
2.06513
1.52121
0.759562
0.759562
0.759562
0.759562
1.72464
1.72464
1.59073
1.65538
1.65538
0.922069
0.661141
0.661141
0.661141
0.661141
0.661141
0.661141
1.20581
0.995456
0.995456
1.01
1.01
1.23026
1.23026
1.23026
1.66879
1.66879
1.64805
1.64805
1.64805
1.83227
1.90594
1.90594
1.67447
1.67447
1.67447
1.67447
2.34739
2.53609
2.08996
2.08996
2.08996
1.88124
1.88124
1.88124
1.88124
1.88124
2.69489
2.97296
2.97296
2.97296
2.97296
2.97296
2.76765
1.82213
1.51613
1.77715
1.77715
1.79495
1.79495
1.79495
2.13289
2.05171
2.26234
2.26234
2.26234
2.26234
1.73589
1.82163
1.79966
2.94855
1.74504
1.74504
2.10309
1.96758
1.96758
2.90929
2.61675
2.61675
2.55605
2.55605
2.86902
2.86902
1.9608
1.9608
1.9608
1.9608
1.764
1.04562
1.71178
1.95033
1.95033
1.95033
1.88518
1.88518
1.88518
1.88518
1.88518
1.8862
1.8862
1.8862
0.78136
1.43953
1.43953
1.43953
1.43953
1.43953
1.43953
1.06401
1.06401
1.06401
1.06401
1.06401
1.06401
1.31283
0.785116
0.785116
0.785116
0.785116
0.826488
0.763752
0.95061
0.95061
0.95061
0.95061
0.400107
0.400107
0.400107
0.400107
0.400107
0.400107
0.716607
1.20421
1.20421
1.00845
0.910851
1.17266
1.17266
1.17266
2.38906
2.38906
2.38906
2.4474
2.4474
2.23175
2.63662
2.63662
2.63662
1.80601
1.25005
1.25005
1.03601
1.03601
1.41329
1.7122
1.31715
1.4981
1.34069
1.34069
1.07702
1.52104
1.52104
1.43671
2.04277
2.04277
2.6403
1.81507
2.47358
2.03964
2.03964
2.03964
2.40254
2.40254
2.17545
2.03527
1.64015
1.78443
1.78443
1.78443
1.78443
2.00506
1.22173
0.817404
0.549825
0.549825
0.549825
1.28802
1.28802
1.28802
1.66684
1.3265
0.381112
0.953974
1.22911
1.03025
1.03025
1.03025
1.22717
1.31403
1.31403
1.31403
1.25077
1.75157
1.85693
1.85693
1.76925
1.76925
1.76925
1.76925
1.76925
1.76925
1.76925
1.76925
1.08417
0.682361
0.571905
0.571905
0.571905
0.571905
0.719052
1.9557
2.513
2.77954
2.77954
2.77954
3.21604
3.05204
3.48414
3.70687
3.13698
2.29023
2.52903
1.87294
1.87294
1.88776
2.33364
2.81616
2.51268
2.51268
3.38591
3.38591
2.76337
1.85413
1.85413
1.98988
0.988076
0.988076
0.782877
0.866833
1.68003
1.05317
1.79122
2.09567
2.09567
1.81437
2.2336
2.02005
1.85435
1.93201
2.42885
2.23578
1.3384
1.3384
1.3384
1.3384
2.42078
2.42078
2.42078
3.52525
3.52525
3.71528
3.77576
3.01781
2.24645
1.82312
1.90967
1.91767
1.91767
1.61834
1.60511
1.66518
1.71223
2.06359
1.9308
1.46358
1.46358
0.975192
0.975192
0.975192
0.975192
1.44979
1.44979
1.44979
1.44979
1.44979
1.44979
1.44979
1.44979
1.60265
1.05002
1.05002
1.12759
1.22281
1.22281
0.86258
0.86258
0.86258
1.80676
1.93941
1.73943
1.73943
1.24561
1.24561
1.12508
1.12508
1.12508
1.03059
1.03059
1.03059
1.03059
1.03059
0.594588
1.13406
1.24447
0.600123
0.600123
0.43741
0.43741
0.437875
0.437875
0.901153
0.901153
2.05219
2.05219
0.595177
0.595177
0.595177
0.595177
0.965368
1.43369
1.43369
2.05541
1.77935
1.77935
1.77935
1.77935
1.77935
2.73131
2.73131
1.70757
1.70757
1.93779
2.08659
1.76679
1.9872
2.102
2.102
1.29257
1.29257
1.30608
1.30608
2.36867
2.36867
2.35692
2.79553
2.34393
2.34393
2.32743
2.32743
2.32743
2.32743
2.32743
2.32743
2.32743
1.50013
0.643073
0.643073
0.566293
0.566293
0.566293
0.782237
0.782237
0.782237
0.782237
1.00311
0.962863
0.962863
0.962863
1.85961
1.85961
1.52113
1.52113
1.52113
1.52113
1.52113
1.52113
1.52113
1.04789
1.04789
1.88531
1.44964
1.36978
1.36978
1.36978
0.959913
1.04138
0.624871
0.624871
0.624871
0.624871
0.624871
0.624871
0.624871
0.996566
0.9624
0.9624
0.9624
0.9624
0.994133
1.50293
1.50293
1.51844
1.60848
2.09537
2.09537
2.09537
2.09537
2.09537
2.8362
2.8362
2.92825
3.85233
3.81591
3.81591
2.53425
2.53425
2.53425
1.98732
1.98732
1.28592
1.28592
0.820359
0.820359
1.23898
0.955264
1.06979
1.06979
1.06979
0.532033
0.532033
0.532033
0.280276
0.985149
0.985149
0.551648
0.551648
0.551648
0.551648
0.551648
0.955026
1.97157
2.97288
3.18892
3.47806
3.47806
3.33276
2.5562
2.49711
2.26965
2.26965
2.26965
1.55303
1.4031
0.2371
0.2371
0.2371
0.2371
0.2371
0.2371
0.821106
0.821106
1.79413
1.10029
1.10029
1.10029
1.10029
1.10029
0.798024
0.798024
0.666276
0.217152
0.217152
0.217152
0.217152
0.217152
0.217152
0.217152
0.217152
0.217152
0.217152
0.217152
0.217152
0.217152
0.217152
0.975772
0.975772
0.975772
0.975772
0.803596
0.803596
0.803596
0.803596
0.803596
0.803596
0.755783
0.755783
0.755783
0.755783
0.755783
1.03449
1.03449
1.14981
1.66637
1.51613
1.51613
1.51613
1.51613
2.37191
2.5288
1.70728
1.70728
1.70728
1.70728
1.78696
1.78696
1.78696
1.90057
2.0951
2.0951
1.25601
1.25601
1.0531
1.19072
1.19072
1.19072
1.19072
1.19072
1.19072
1.19072
0.982038
1.39522
0.981615
1.56685
1.35355
1.49512
1.52779
2.43536
2.43536
1.98685
2.10915
2.60729
2.60729
2.60729
2.60729
1.94245
1.68451
1.40248
1.40248
0.314432
0.314432
0.314432
0.314432
0.209036
1.33155
1.33155
0.873057
0.873057
1.74085
1.74085
1.74085
1.74085
1.74085
2.2124
1.67169
2.61869
2.04605
2.17306
2.04572
2.09736
2.09736
1.14455
1.64985
1.13851
0.806819
1.58704
1.58704
1.58704
1.45961
1.92524
0.758517
0.758517
0.758517
0.758517
0.758517
0.758517
1.19197
0.768833
0.768833
0.768833
0.768833
0.768833
0.768833
1.80906
1.80906
1.80906
2.29008
2.29008
2.32766
2.17168
2.44071
2.98536
2.95644
2.95644
3.6428
2.85072
2.85072
2.85072
3.47883
3.00692
3.00692
3.38353
3.38353
3.23085
2.68787
2.68787
2.30894
1.75683
1.75683
1.75683
1.75683
1.75683
1.75683
1.69924
1.18807
1.39969
1.21257
0.962256
1.43067
1.43067
1.43067
1.43067
2.52348
2.23532
2.23532
2.23532
2.23532
2.55335
2.00264
1.87847
1.19839
0.863405
0.863405
0.863405
0.863405
2.03186
1.97868
1.97868
1.97868
2.11142
1.68631
1.68631
0.918477
0.918477
1.70465
1.72212
1.1963
1.1963
1.1963
1.1963
1.19206
1.19206
1.19206
1.87054
1.87054
1.87054
2.12041
0.965143
1.36872
1.22615
1.22615
1.45498
1.47429
1.47429
1.11268
1.93389
1.64477
1.64477
2.50762
2.50762
2.50762
2.50762
2.50762
2.50762
2.50762
2.5362
2.33009
2.38354
2.52219
2.78458
2.78458
2.78458
2.92762
1.79834
1.39778
0.715121
0.715121
0.715121
0.785731
1.64912
1.64912
1.6072
1.6072
1.6072
1.6072
2.07109
1.72864
1.72864
1.72864
1.9788
2.43788
2.43788
1.35332
1.35332
0.9624
0.9624
1.11269
0.501056
0.501056
0.501056
1.53646
2.58038
1.54319
0.778733
0.865217
0.865217
0.865217
0.762155
0.499175
0.681044
0.681044
0.681044
0.681044
0.681044
0.911619
0.911619
0.911619
0.911619
0.911619
0.911619
0.998037
0.998037
0.894197
0.325191
0.325191
0.325191
0.325191
0.838047
0.838047
1.06752
1.06752
1.06752
1.06752
1.25123
1.12317
1.12317
1.12317
1.11516
1.11516
0.151098
0.151098
0.151098
1.47616
1.47616
1.47616
0.965064
0.965064
0.574234
0.574234
0.574234
0.574234
0.614225
0.861423
1.47568
1.47568
1.02374
1.02374
1.70678
2.69942
2.14922
1.80384
0.852663
0.852663
0.605626
1.18629
0.993652
1.4177
1.05165
0.769143
0.580358
0.580358
1.71298
2.7738
2.7738
2.51823
2.51823
2.6941
2.6941
2.50102
2.0486
1.14866
0.759825
0.954985
0.832798
0.832798
0.832798
1.50516
1.50516
0.841387
1.46782
2.1289
1.9695
1.99165
1.99165
2.67148
2.67148
2.2813
2.83646
2.65386
2.46716
2.57457
2.57457
2.47542
2.81798
2.29478
2.29478
2.13068
1.94933
1.94933
2.96586
2.30673
1.88113
2.05958
1.9358
1.98674
2.15178
2.15178
2.15178
3.18085
2.26524
2.25651
1.76806
1.79827
1.79827
1.79827
1.79827
2.1467
2.1467
1.77978
1.77978
1.97701
1.97701
1.83061
1.83061
1.83061
1.79325
1.79325
1.79325
1.8545
1.68053
1.74382
1.74382
1.74382
1.37871
0.816027
1.10608
0.951133
0.951133
0.951133
0.951133
0.951133
0.951133
0.85745
1.58111
1.17154
0.837104
0.879744
1.22207
1.10135
1.10135
1.10135
1.58041
1.33021
1.33021
1.33021
1.33021
1.33021
1.68262
0.534125
0.534125
0.534125
0.534125
0.596606
1.15811
1.15811
1.15811
0.551321
0.551321
0.551321
0.551321
0.551321
0.551321
0.551321
0.551321
1.40451
0.984962
0.600727
0.600727
0.600727
0.600727
0.600727
0.706371
1.15484
1.15484
1.15484
1.15484
1.11328
1.6666
1.6666
1.22763
1.36697
1.657
2.78978
1.84595
1.84595
1.20664
1.20664
1.20664
1.20664
1.20664
1.20664
1.20664
1.59428
2.39482
2.43147
2.43147
2.27381
2.81363
2.4301
2.43215
2.43215
2.47468
2.47468
2.61717
3.47194
3.47194
3.15905
3.23834
2.40765
1.53391
1.53391
1.53391
1.39748
1.39748
0.946268
1.56083
1.56083
0.757271
0.757271
0.724093
0.890835
0.890835
0.890835
0.890835
0.890835
0.697972
0.697972
0.697972
1.00221
0.334818
0.334818
0.334818
1.38698
2.77177
2.77177
2.77177
2.35031
1.33798
1.33798
1.33798
1.28972
0.871242
0.871242
0.871242
1.02414
1.02414
0.287764
0.287764
0.287764
0.287764
0.287764
0.287764
0.287764
0.287764
0.287764
0.287764
0.287764
0.287764
0.287764
0.287764
1.16315
1.17629
1.17629
1.17629
2.32787
1.06108
1.06108
1.06108
2.3534
1.78863
2.56912
2.69095
3.08695
3.4323
3.46693
2.4798
2.45202
2.58587
2.58587
2.02912
1.25591
0.787568
0.961784
0.961784
0.683645
0.683645
0.816541
1.38513
0.611822
0.611822
0.611822
0.992188
1.035
1.035
1.41373
1.41373
2.17459
2.27318
2.27318
2.04473
2.32978
3.22934
2.80874
2.80874
3.08449
3.16762
2.86485
3.09607
3.77394
4.08801
3.48199
3.48199
3.48199
3.48199
2.74479
2.74479
2.07721
1.9723
2.07017
2.07017
1.65331
1.65331
1.65331
1.65331
1.65331
1.43166
1.43166
1.43166
1.43166
1.43166
1.43166
1.43166
2.18441
2.62497
2.14266
2.14266
2.14266
2.14266
1.93251
2.71061
2.71061
2.71061
2.44072
2.44072
2.23353
2.21797
1.81251
2.19902
2.19902
0.851529
0.824961
2.01827
1.64314
2.35297
2.35297
2.35297
1.19665
1.19665
0.758165
0.853326
0.853326
0.879435
1.36835
1.36835
1.20787
1.11606
1.11606
1.20043
1.20043
1.20043
0.882178
1.62137
1.73047
1.73047
1.16581
1.16562
1.19551
1.19551
0.504539
0.504539
0.504539
0.504539
0.912721
0.912721
0.912721
0.912721
0.912721
0.917523
0.917523
1.21125
1.21125
1.61992
1.61992
0.988313
0.988313
1.31099
2.03744
1.22175
1.7254
1.7254
1.43064
2.44104
2.60143
2.60143
2.85463
2.85463
2.00028
1.78694
1.78694
1.78694
1.38264
1.3165
1.18061
1.51556
1.15252
1.15252
0.882828
0.691263
0.691263
0.983415
0.821963
0.989598
0.989598
0.989598
0.989598
1.00367
1.00367
1.56636
1.56636
1.56636
1.05606
2.02008
2.37218
2.44638
2.57438
2.49751
2.22479
2.09391
2.09391
1.90956
1.51353
1.02478
1.30449
1.60373
2.64932
3.0751
3.00804
2.2406
2.06775
2.77815
2.6031
2.24737
2.13491
2.13491
1.44761
1.1365
0.531242
0.531242
1.35305
0.549719
0.549719
0.549719
0.549719
0.549719
0.549719
0.837073
0.837073
0.837073
0.76834
0.76834
0.718538
0.718538
1.12045
1.12045
1.12045
1.12045
1.12045
1.12045
0.752331
1.11019
1.21272
1.26191
1.26191
1.01727
1.46614
1.60131
0.960024
1.07844
0.846238
0.846238
0.846238
0.891468
0.891468
0.696832
1.21229
1.21229
1.21229
1.21229
1.21229
1.21229
0.381058
0.381058
0.381058
0.381058
1.38955
1.03869
0.774169
0.774169
1.61724
1.61724
1.897
1.93022
1.96726
1.96726
1.96726
1.96726
1.96726
1.61273
1.07137
1.07137
2.15939
1.98737
2.35615
2.5991
2.39727
2.25822
2.61298
2.33393
1.48251
0.77006
1.28657
1.28657
0.972539
1.32511
1.32511
1.32511
1.23747
1.23747
0.897277
0.864524
0.864524
0.858473
0.956216
1.60705
1.64417
1.96218
1.96218
1.87219
1.87219
2.88608
2.88608
2.88608
3.60974
3.60974
3.04898
3.27159
3.27159
2.94534
2.17713
1.99675
1.28391
1.28391
1.42989
0.950808
0.950808
1.8086
1.09118
1.09118
0.658208
0.658208
0.658208
1.20855
1.46904
1.22128
1.86671
1.66164
1.65378
1.63346
1.09151
1.10951
1.08147
1.08147
1.08147
1.47797
1.34087
1.86391
1.86391
1.48488
1.70051
1.70051
1.70051
0.795623
0.795623
0.795623
0.98909
0.98909
0.927809
0.817535
1.03271
1.21554
1.21554
1.21554
1.21554
1.21554
1.36632
1.36632
0.562527
0.562527
0.617617
0.959481
0.959481
0.959481
0.959481
0.959481
0.484174
0.484174
0.484174
0.484174
0.484174
1.08395
0.481548
0.481548
0.481548
0.481548
0.481548
1.0849
1.0849
1.08659
1.02563
1.02563
1.43465
1.16894
1.16894
0.915502
0.915502
1.3446
0.920034
0.845135
1.25203
1.25203
0.548254
0.548254
0.548254
0.548254
1.26125
1.15883
2.03092
2.03092
2.03092
3.07441
1.74185
1.81239
1.81239
1.77817
1.72246
1.72246
1.72246
1.72246
1.72246
1.72246
1.15564
1.15564
1.15564
1.15564
1.22358
1.22358
1.22358
1.44924
1.44924
1.44924
1.36492
1.36492
1.40747
1.40747
1.40747
1.50721
1.50721
1.50721
1.50721
1.11088
1.68494
0.808456
0.63435
0.992639
0.618153
0.618153
0.618153
0.618153
0.618153
0.618153
0.618153
0.618153
0.618153
0.618153
0.618153
0.618153
0.662477
0.662477
0.662477
0.662477
0.662477
0.662477
1.0167
1.13828
1.13828
1.13828
1.13828
0.918889
0.527961
0.527961
0.527961
0.527961
0.532934
0.532934
0.532934
0.532934
0.532934
0.532934
0.532934
0.532934
0.532934
0.532934
0.532934
0.532934
0.532934
0.532934
0.532934
0.532934
0.532934
0.532934
1.21182
1.14284
1.14284
0.601992
0.898938
0.898938
0.898938
1.18058
1.30593
1.52696
1.41595
1.92098
1.92098
1.65108
0.465765
0.794023
1.36044
1.36044
2.12587
2.12587
2.12955
2.12955
2.21188
1.9005
1.9005
2.39772
2.39772
2.39772
2.94387
3.0541
3.31499
4.15106
3.53254
3.53254
3.53254
3.53254
3.95737
3.35229
3.55309
3.55309
2.96012
2.85278
2.85278
3.41547
3.83579
3.77697
4.2722
4.2722
4.2722
4.2722
4.02882
3.83144
2.88874
1.82603
1.82603
2.83256
3.0011
2.26481
2.63168
2.53252
2.13845
1.24391
0.517322
0.517322
0.517322
0.517322
0.517322
0.517322
0.517322
0.517322
0.884545
0.884545
0.884545
0.739701
0.739701
1.19368
0.645278
0.645278
0.754414
1.60102
1.60102
1.60102
1.60102
1.60102
1.60102
1.60102
1.48591
1.48591
1.48591
0.695187
0.695187
0.695187
0.492201
1.14106
1.14106
1.14106
1.56808
1.56808
2.13486
1.12299
0.751901
0.751901
0.751901
0.751901
0.751901
0.498609
0.498609
0.498609
0.498609
0.498609
0.498609
0.498609
0.498609
0.948223
0.948223
1.35845
1.35845
1.35845
1.02993
1.02993
1.9295
2.86393
2.68845
1.75342
1.9535
1.03677
1.0257
1.37697
1.37697
2.28288
2.20417
2.48698
2.07193
2.07193
2.07193
1.40314
1.40314
1.62693
1.33918
1.33918
0.566079
0.566079
0.566079
1.42567
1.55919
1.72618
0.589563
0.846563
0.846563
0.846563
1.49117
1.49117
1.49117
1.49117
1.94943
2.12161
1.36144
1.37581
0.796596
0.796596
0.777995
0.606415
0.777544
0.91022
0.91022
0.91022
0.91022
0.91022
1.12606
0.887239
1.04715
1.04715
1.25686
1.25686
1.25686
1.70666
1.70666
1.70666
1.70666
1.52895
1.52895
0.197119
0.197119
0.197119
0.197119
0.197119
0.197119
0.197119
0.197119
0.197119
0.81046
0.508617
0.508617
0.508617
0.508617
1.97022
1.28398
1.28398
1.70252
2.59997
1.35134
2.19257
2.19257
2.19257
2.19257
2.77265
2.71752
3.2012
2.65768
3.0538
3.0538
2.04976
1.54146
2.29994
2.29994
2.50522
2.50522
2.50522
2.01268
2.01268
2.01268
2.01268
2.01268
2.37604
1.16908
1.20672
1.20672
1.73858
1.73858
1.2762
2.20287
2.20287
2.20287
1.58324
1.87221
1.87221
2.28067
1.78659
2.02759
1.89671
1.89671
2.02085
0.859798
1.2142
1.85301
1.85301
1.41884
1.41884
1.41884
1.41884
1.23845
1.45075
1.3423
1.07599
1.07599
1.07599
1.25147
0.882143
0.882143
0.882143
0.627642
0.627642
0.597418
0.597418
0.597418
0.662494
0.662494
0.662494
0.89496
0.683396
0.683396
0.915212
0.915212
0.736859
1.26367
1.26367
0.897878
0.897878
0.969636
1.3721
1.3721
1.58393
1.58393
0.455891
1.40897
1.09808
1.09808
1.19773
1.19773
0.970048
0.970048
0.970048
0.987892
0.987892
0.987892
0.996397
0.444184
0.444184
0.444184
0.444184
1.26889
1.26889
1.26889
1.26889
1.13832
1.13832
1.62193
2.17241
1.06013
1.06013
0.488882
0.488882
0.488882
0.488882
0.488882
0.615523
0.822979
0.640507
0.640507
0.640507
0.640507
1.23213
1.64286
1.01637
1.01637
1.01637
0.51774
0.51774
0.51774
0.51774
1.33435
1.8012
1.8012
2.9691
2.9691
2.56532
2.56532
2.52081
2.51724
1.2102
1.28599
1.28599
1.28599
1.47264
1.47264
1.47264
1.47264
1.67053
1.4519
1.4519
1.4519
1.57483
1.57483
1.57746
1.57746
1.68795
1.68795
1.54722
1.54722
1.27072
1.27072
1.27072
1.27072
1.27072
2.1639
2.15441
1.55671
1.91172
1.91172
1.91172
1.91172
1.91172
1.91172
2.07493
1.46965
1.74926
1.33362
1.33362
1.71503
1.75092
1.71877
1.71877
1.69477
1.69477
1.67197
1.96798
2.66702
2.58035
2.58035
2.94722
1.90303
1.90303
1.29171
1.68709
1.61934
1.45821
0.0475316
0.767552
0.767552
0.767552
0.767552
1.23863
1.4942
0.410188
0.410188
0.410188
0.535927
0.771585
0.771585
0.771585
0.771585
0.771585
0.771585
0.718206
1.37437
1.75936
1.75936
2.15134
2.15134
1.9318
1.9318
1.9318
1.9318
1.9318
2.10114
2.10114
2.08755
2.19027
2.19027
2.19027
1.53576
1.53576
0.45361
0.45361
0.45361
0.45361
0.45361
0.337636
0.337636
0.729747
0.729747
0.816928
1.26867
1.26867
1.69513
1.69513
1.71391
1.16187
1.16187
0.882738
0.601965
0.601965
0.693769
0.693769
0.693769
1.07644
1.07644
1.07644
0.462017
0.462017
0.301654
0.301654
0.301654
0.301654
0.301654
0.301654
0.573685
0.573685
0.573685
0.573685
0.573685
1.24746
1.24746
1.24746
1.30299
2.00279
1.52482
1.88593
1.93084
1.93084
1.42906
1.97514
1.97514
2.13588
2.13588
3.45454
2.63043
2.4243
1.68277
1.12215
1.03142
1.03142
1.27792
1.37193
1.30534
0.884866
0.884866
0.884866
0.884866
1.45617
1.45617
1.46745
1.15506
1.15506
2.52939
2.97988
4.34277
4.34277
4.95321
4.0104
4.54854
3.38849
3.89959
3.89959
3.54335
3.54335
2.97439
2.14273
1.26831
0.521507
0.638056
0.631698
0.631698
0.77108
0.77108
1.89324
1.45147
1.54407
1.54407
1.91667
1.91667
1.91667
1.91667
2.45196
2.3652
2.3652
2.3652
2.3652
2.3652
2.3652
2.3652
2.3652
2.3652
2.3652
2.3652
2.3652
2.3652
2.03812
1.57454
1.75783
1.78016
2.57021
2.57021
3.46376
3.09869
3.09869
3.09869
2.95118
1.81626
1.39301
0.861779
0.861779
0.861779
0.861779
1.60452
2.21152
2.21152
2.57759
2.57759
2.57759
2.57759
2.57759
2.57759
2.61956
2.05539
2.99642
3.29751
3.89248
3.91494
3.91494
3.91494
4.68881
3.64196
4.14385
4.89578
4.89578
4.76399
4.76399
4.76399
4.76399
4.76399
4.37405
4.66643
4.01599
4.01599
4.01599
3.06319
3.06319
3.06319
3.06319
3.06319
3.06319
3.06319
3.32415
3.32415
3.32415
3.45252
3.88079
3.25859
2.74429
1.98061
1.98061
1.0226
1.0226
1.15659
0.939403
0.88601
0.88601
0.88601
0.88601
0.88601
0.88601
0.88601
0.51626
1.07579
1.00044
0.476639
0.476639
0.736188
0.876549
1.79081
1.88552
1.0637
2.29589
2.76262
2.64657
3.57073
4.33624
3.85973
4.26233
4.26233
4.26233
3.78252
3.78069
3.78069
4.06111
3.78623
3.09455
1.74946
1.74946
1.09266
1.09266
1.09266
1.24962
1.24962
1.24962
1.12557
1.73283
1.87584
1.65496
0.934497
0.928069
0.793005
0.793005
0.793005
0.696777
0.696777
1.28568
0.904259
0.904259
1.28751
1.28751
1.0879
1.46521
1.60891
1.91979
1.85509
2.61577
2.61577
2.6337
2.04708
0.976907
0.976907
0.550676
1.24234
1.24234
1.24234
1.02534
1.02534
0.912674
0.196573
0.196573
0.196573
0.236677
0.236677
0.236677
0.236677
0.236677
0.236677
0.236677
1.56434
1.0758
1.00973
1.44313
0.989784
0.989784
0.989784
0.989784
0.989784
0.989784
0.989784
2.49767
2.77767
2.77767
2.77767
3.17304
3.24259
2.30726
2.08944
2.08944
2.08944
1.29436
1.10173
1.10173
1.65909
1.94892
1.94892
1.63713
0.514772
0.514772
0.514772
0.514772
0.514772
0.576859
0.948233
0.409987
0.409987
0.409987
0.409987
0.409987
1.09665
1.09665
1.14755
1.14755
1.14755
1.62307
2.05263
2.05263
2.26838
1.94972
1.44796
1.27946
1.68335
1.68335
1.41993
1.41993
0.274498
0.274498
0.274498
0.274498
0.274498
0.274498
0.274498
0.274498
0.274498
0.274498
0.274498
0.936439
0.586313
0.582408
1.16606
1.16606
1.16606
1.19004
1.71157
1.71157
1.73987
1.73987
2.51603
2.51603
2.1233
2.1233
2.1233
2.13709
1.64608
1.1875
1.1875
1.5143
1.55742
1.55742
1.55742
2.09251
1.833
1.833
2.20847
2.18404
2.18404
2.18404
2.18404
2.18404
2.18404
2.18404
2.18404
0.835137
0.835137
0.543311
0.543311
0.543311
1.23128
1.23128
0.962577
1.12167
1.12167
1.24576
2.55798
2.72344
2.48354
2.6761
2.6761
2.92807
2.48767
2.48767
2.48767
2.29855
2.29855
2.06295
2.06295
2.06295
1.83832
1.83832
1.83832
1.34519
1.34519
1.18567
1.18567
1.18567
1.18567
1.18567
0.254554
0.528055
0.528055
0.528055
0.528055
0.528055
0.528055
0.528055
0.387857
1.40766
2.46619
2.46619
2.25284
2.47794
2.79399
2.2475
2.6629
2.28886
2.28886
2.28886
2.28886
1.82654
1.82654
1.82654
1.82654
1.82654
1.29351
1.29351
1.76789
1.76924
2.64246
2.58089
2.83306
1.29114
1.29114
1.29114
1.29114
1.29114
1.29114
1.29114
1.82224
1.82224
1.82224
1.82224
1.77638
1.77638
2.42036
1.0324
0.477515
1.02017
1.02017
1.02017
1.28138
1.28138
1.28138
1.28138
1.0904
0.876588
0.521832
1.3394
2.046
2.66521
2.66521
2.66521
2.95935
3.03921
1.99629
1.24569
0.831321
1.15732
1.86496
1.86496
1.91498
2.30975
2.36954
2.82851
2.44863
2.44863
2.09562
2.09562
2.69884
3.18896
2.92784
2.92784
2.92784
2.10221
2.43163
2.43163
2.78441
2.78441
2.78441
2.79533
2.79533
2.62689
2.49705
2.49705
2.49705
2.21199
2.21199
2.21199
1.40229
1.5991
1.5991
1.5991
1.5991
1.40921
1.40921
1.40921
1.40921
1.40921
2.1694
2.46329
2.46329
2.2198
2.2198
2.2198
3.09819
2.26859
2.26859
2.08603
3.14371
3.14371
3.30616
1.80892
2.17757
2.17757
1.87861
2.59462
2.29926
1.73733
1.73733
1.66256
2.45713
2.45713
2.45713
1.35425
1.25257
1.86424
0.910594
0.910594
0.457387
0.457387
0.457387
0.598431
0.355808
0.355808
1.03327
1.03327
1.03327
1.03327
1.03327
1.03671
1.53064
1.53064
1.53064
1.61854
1.61854
1.61854
1.65449
1.39277
1.39277
1.58672
1.6003
1.6003
1.602
1.68513
1.15699
1.15699
1.36933
1.90662
1.67379
2.26097
2.26097
1.67979
1.04552
0.825129
0.825129
0.825129
1.40237
1.40237
1.71755
1.71755
1.6897
1.6897
1.6897
1.6897
1.6897
1.6897
2.09749
1.95019
1.79765
2.84874
2.84874
3.26523
2.08857
1.08391
1.08391
1.52994
0.751019
0.486795
0.486795
0.486795
1.90209
1.90209
1.90209
1.90209
2.02244
2.02244
3.12161
2.44863
2.09144
2.09144
2.09144
2.55217
1.70887
1.67894
1.79745
1.79745
1.54702
1.54702
1.59641
2.40382
2.40382
2.40382
2.40382
3.07386
3.26717
3.64725
3.64725
3.64725
3.31059
3.64742
4.94919
4.94919
4.82926
4.77865
4.36656
4.36656
3.30911
2.77655
2.75648
2.92807
3.39693
3.4332
2.86583
3.5596
3.5596
2.43766
1.91972
1.80096
1.44172
1.44172
1.27853
1.27853
2.36301
1.42932
1.42932
2.46568
2.61228
3.15352
2.97449
2.97449
2.97449
2.88178
2.95386
1.99854
1.36068
1.45192
1.45192
0.642953
0.642953
0.743077
1.05459
1.05459
0.411147
0.411147
0.411147
1.26763
1.26763
0.788147
0.788147
0.788147
0.788147
1.05388
1.05388
1.05388
1.05388
1.05388
0.92068
0.92068
0.793191
0.747251
0.747251
0.747251
0.196936
0.196936
0.196936
0.196936
0.196936
0.196936
0.680215
0.57056
0.57056
0.57056
0.57056
0.57056
0.57056
1.45866
1.71269
1.71269
1.79055
1.74627
1.7106
1.7106
1.7106
1.7106
1.68717
1.63414
0.905906
0.905906
1.18542
1.18542
1.94543
1.94543
2.40093
2.40093
2.40093
2.66218
2.205
1.71083
1.71083
2.02011
2.02011
1.75234
0.592697
0.592697
0.592697
1.34968
1.4556
1.72845
2.21485
1.59085
1.59085
0.560327
0.560327
0.560327
0.560327
0.560327
0.560327
1.06931
0.60434
0.574419
0.574419
0.574419
0.507134
0.507134
0.507134
0.507134
0.507134
0.507134
0.507134
0.507134
0.507134
0.930689
0.464985
0.464985
0.464985
0.464985
0.464985
0.464985
0.464985
0.801247
1.07373
1.07373
0.958851
1.15485
1.11684
1.11684
1.45904
2.19621
2.02935
0.979857
0.979857
0.979857
0.979857
0.891754
1.4159
1.82181
0.978565
0.978565
0.317647
0.272694
0.202145
0.202145
0.202145
0.202145
0.202145
0.924888
1.24667
1.24667
0.674024
0.674024
0.674024
0.674024
0.674024
0.674024
1.13654
0.729911
0.281833
0.281833
0.281833
0.281833
0.281833
0.281833
0.808799
0.808799
0.808799
0.808799
0.67905
1.02038
0.9568
1.0662
1.96789
2.05779
1.0854
1.62687
1.62687
1.62687
1.62687
1.62687
1.55275
1.46567
1.22346
1.22346
1.47066
1.60112
1.46948
1.32323
0.99585
1.48927
0.76271
0.76271
0.76271
0.889274
1.31666
1.65336
1.65336
2.45091
2.45091
2.45091
1.71932
1.71932
1.91856
1.2469
1.17956
1.43539
1.43539
1.77743
1.77743
1.77743
2.34805
2.34805
2.34805
2.34332
2.34332
2.34332
2.14455
2.13302
1.54794
0.719465
0.504775
0.563332
0.563332
0.563332
1.28228
1.28228
1.28228
2.08344
1.8199
1.8199
1.8199
1.35849
1.35849
1.35849
1.35849
1.35849
1.35849
1.15467
1.15467
1.15467
1.07266
1.25243
1.25243
1.25243
1.68509
1.68509
0.665796
0.665796
0.665796
0.779471
0.699532
0.761282
0.761282
0.761282
0.765033
0.765033
0.765033
0.765033
0.688891
1.43003
1.492
1.492
1.492
1.492
2.26146
2.12782
2.12782
2.0799
1.74169
2.94186
3.11365
2.44105
2.92175
3.20526
4.11749
4.09771
4.09771
4.09771
4.09771
4.18317
3.70829
3.70829
2.61412
2.61412
3.53537
3.53537
4.25995
2.77717
1.66459
1.12741
1.56488
1.56488
1.56488
0.750576
0.750576
1.77013
1.50114
2.04112
1.09312
1.09312
1.09312
1.09312
1.09312
1.39604
1.39604
1.39604
1.39604
1.09074
1.09074
1.09074
1.09292
1.09292
1.51863
1.2148
1.02731
0.6585
0.6585
0.6585
0.6585
0.59209
0.825515
1.21365
1.21365
1.21365
1.93067
1.0374
0.650771
0.650771
0.650771
0.913932
0.913932
0.77485
0.77485
0.77485
0.796156
1.14741
1.04305
1.58752
1.58752
1.09785
1.49758
1.34182
1.34182
1.34182
1.21249
1.21249
1.21249
1.21249
0.663468
1.35223
1.35223
1.25374
1.97626
1.80559
1.65574
1.40491
1.40491
1.40491
1.44219
1.70426
1.23831
1.23831
1.23831
1.23831
1.10609
1.10609
1.10609
1.05594
1.05594
1.05594
1.45394
1.45394
1.45394
1.45394
1.22992
1.22992
1.22992
0.607322
0.433129
0.433129
0.433129
0.433129
0.433129
0.433129
0.433129
0.433129
0.433129
0.433129
0.433129
0.433129
0.433129
0.433129
1.40238
1.40238
1.40238
1.02712
1.29566
1.11043
1.5641
2.00949
2.79638
2.82614
2.82614
2.79566
2.69254
1.53509
1.55723
1.57069
1.92495
2.52724
1.4569
2.16096
1.95682
1.88344
1.88344
1.88344
1.88344
2.80244
2.80244
3.50732
3.50732
3.50732
3.50732
2.99246
2.99246
2.99246
3.09038
3.89841
3.89841
3.90349
3.23681
3.34967
3.34967
2.94201
2.94201
2.94201
2.94201
2.17651
2.34005
1.81896
1.81896
1.81896
1.81896
1.89412
0.470566
1.81285
2.02293
2.31627
2.31627
1.77035
1.02381
0.910386
1.26198
1.24241
1.24241
1.24241
1.29612
1.31883
1.31883
2.11196
2.11196
2.11196
1.34164
1.34164
1.94611
2.37912
1.47411
1.47411
1.47411
1.47411
1.47411
1.23392
1.15221
1.15221
1.15221
1.15221
1.15221
1.15221
1.05866
1.09425
1.09425
1.17191
1.17191
0.72182
0.72182
0.864198
1.19259
1.19259
1.19259
1.19259
1.19259
1.19259
1.33642
1.33642
0.574077
1.2425
1.2425
1.2425
1.2425
1.31
1.31
0.896803
1.49057
1.71233
2.00682
2.00682
2.00682
2.06522
2.16904
2.16904
1.15208
1.07102
1.27741
1.27741
1.27741
1.27741
1.72885
1.1357
1.1357
1.1357
0.495134
0.495134
0.495134
0.495134
0.78922
0.78922
1.0178
1.13506
1.56546
1.15269
1.15269
1.15269
1.15269
1.15269
1.15269
1.9075
1.40091
1.40091
2.06023
2.06023
2.06023
1.97651
1.27546
1.27546
1.08664
0.963385
0.963385
0.963385
0.86538
0.86538
0.86538
1.34451
1.34451
1.48758
1.48758
1.48758
0.788114
0.881262
0.881262
0.894455
0.878173
0.878173
1.63631
2.03821
2.03821
2.03821
2.03821
2.03821
1.16245
1.16245
1.95828
1.97129
2.2456
2.2456
2.15231
2.15231
2.53216
2.53216
2.53216
3.20486
2.58933
2.58933
2.58399
2.58399
2.58399
2.58399
2.32881
2.58225
2.58225
2.24805
2.24805
1.48389
1.48389
1.48389
1.48389
0.977453
0.816483
0.816483
0.816483
0.816483
0.816483
0.816483
0.512893
1.15645
1.15645
0.819123
0.819123
0.819123
0.819123
0.819123
0.819123
1.73164
2.69204
3.30492
2.49897
2.49897
2.49897
2.49897
2.49897
2.65957
3.15512
2.5148
2.68047
2.68047
2.68047
2.93648
2.45267
1.95388
1.95388
1.95388
1.95388
1.95388
1.95475
2.8343
2.8343
2.88992
2.88992
3.68787
3.71053
3.71053
2.87461
3.71628
3.71628
3.84023
3.84023
4.00029
3.6506
3.6506
3.6506
3.6506
3.6506
3.83132
3.49072
3.49072
2.9509
3.06077
3.1962
3.32509
3.86975
3.86975
4.69381
4.69381
6.23795
6.23795
6.81367
5.92772
5.92772
5.92772
5.61129
6.47991
6.00374
6.07652
5.82992
6.0766
6.0766
6.0766
6.02774
5.63513
5.25324
5.15328
5.15328
5.15328
5.02859
5.12612
5.06976
4.61594
4.6618
4.6618
4.94092
4.60108
4.92277
4.4504
4.34373
3.99472
4.20415
4.06944
3.21451
3.21451
3.4288
3.13058
3.50141
3.78609
3.78609
3.78609
3.60472
2.64936
2.30883
2.30883
2.2004
1.52221
1.52221
1.12966
1.63884
1.63884
0.968925
1.34768
1.34768
1.34768
1.14617
1.18451
1.18451
1.18451
0.833894
0.178792
1.29744
1.29744
1.29744
1.87628
2.31181
2.59619
2.59619
2.79195
2.318
2.32213
2.32213
2.06396
1.56021
1.65392
1.47149
1.47149
1.47149
1.47149
1.55716
1.55716
1.5465
2.20583
2.35095
2.35095
2.43472
2.57674
2.39509
2.39509
2.70993
3.26136
3.24119
3.24119
3.30486
2.2775
1.97661
1.44255
1.44255
1.44255
1.37764
1.45752
1.88886
1.82108
2.06837
2.60061
2.60061
2.14937
2.14937
2.14937
1.51027
1.28206
0.374376
1.05358
1.05358
1.05358
1.55291
1.55291
1.55291
1.55291
1.55291
1.55291
1.55291
0.842049
1.16257
0.987143
0.198444
0.198444
0.198444
0.198444
0.198444
0.198444
0.198444
0.198444
1.06085
1.93348
1.93348
1.93348
1.50717
1.68442
1.34968
1.04129
1.04129
1.04129
1.87314
1.87314
1.97107
1.41884
1.41884
1.41884
1.8066
2.54629
1.50482
1.50482
1.50482
1.17808
1.17808
0.942916
0.449505
0.449505
0.449505
0.449505
1.38812
1.38812
1.38812
1.40556
1.40556
0.86868
2.05267
2.05267
1.8672
1.87243
2.59324
2.49879
3.01162
2.10261
2.49259
2.49259
2.36127
2.36127
2.36127
3.57935
3.39854
3.39854
3.22186
3.98311
3.80245
2.80251
2.80251
2.80251
2.74899
2.74899
2.74899
3.09418
2.09632
1.75539
1.47327
1.25692
0.60318
2.50597
2.13555
2.74559
3.21331
2.86293
3.02829
3.23133
3.26015
3.26015
3.26015
3.26015
3.7875
3.7875
3.55907
3.55907
3.55907
4.03558
4.33585
4.33585
3.85329
3.85329
3.48252
2.17827
1.44019
1.44019
1.44019
1.44019
1.44019
0.403431
0.403431
0.403431
0.903569
1.12913
1.12913
1.44222
1.44222
1.44222
1.84189
1.84189
1.84189
1.84189
0.867222
0.47527
0.47527
0.61973
0.61973
0.61973
0.61973
0.61973
0.61973
0.61973
1.36344
1.36344
1.38687
0.639674
0.639674
0.810159
1.46217
1.46217
1.40891
1.35596
1.35596
1.13913
1.13913
1.13913
1.13913
1.13913
1.01285
1.62561
0.976742
0.976742
1.11974
1.11974
0.601246
0.601246
0.601246
0.601246
0.601246
0.601246
0.704217
0.704217
0.704217
1.21307
1.21307
0.47961
0.47961
0.47961
0.47961
0.47961
0.47961
0.47961
0.47961
0.693929
1.07674
1.07674
1.07674
1.07674
0.645716
0.645716
0.743964
1.17956
0.990052
1.12543
1.12543
1.12543
1.64236
1.40308
0.638757
1.12091
1.12091
1.12091
1.09253
1.09253
1.68354
1.68354
1.68354
1.94396
1.94396
1.94396
2.81277
2.81277
2.43986
2.43986
2.43986
1.9157
1.9157
1.69518
2.2769
2.2769
2.2769
2.14107
1.93292
2.22233
1.54777
1.9215
2.54381
1.82076
2.8477
2.38084
2.17514
1.53792
1.09136
1.53734
0.921706
0.921706
0.921706
0.888146
1.02821
0.347413
0.347413
0.627374
0.627374
0.627374
0.627374
0.56261
0.56261
0.56261
0.56261
1.2981
1.45398
1.73228
1.73228
2.05004
2.05004
1.50004
1.5841
1.95883
1.2208
1.2208
0.583939
1.13195
0.84692
0.84692
1.00551
1.12878
1.78303
2.1935
1.34169
0.629218
0.629218
0.629218
0.629218
0.629218
0.629218
0.658766
0.658766
1.3978
1.7877
1.7877
1.96164
0.840611
0.621084
1.21413
1.21413
1.21413
0.42313
0.42313
0.42313
0.42313
0.42313
0.42313
0.42313
0.42313
0.42313
0.756709
0.756709
0.656793
0.656793
0.656793
0.656793
1.41604
1.09982
1.64808
1.23151
0.96249
0.244571
0.244571
0.244571
0.244571
0.244571
0.244571
1.19269
1.19269
1.0895
1.0895
1.0895
1.0895
1.0312
1.0312
1.0312
1.15242
1.15242
1.1736
1.1736
1.1736
1.1736
0.336023
0.336023
0.58774
0.58774
1.15208
1.24562
0.585908
0.585908
0.585908
0.585908
0.585908
0.585908
1.2443
1.17866
1.17866
1.17866
0.334044
0.940972
0.940972
1.26238
1.26238
1.26238
0.990295
0.829408
0.829408
0.829408
0.889871
0.889871
0.39697
0.641561
0.641561
1.32485
1.81769
1.78843
1.47739
1.47739
0.957803
0.957803
0.957803
0.957803
1.28786
1.46912
1.46912
1.46912
1.46912
0.743196
0.743196
0.743196
0.743196
0.743196
0.743196
0.438154
0.993339
2.22724
2.52471
2.40104
2.27888
1.64792
0.794196
1.16442
1.84483
1.84483
1.84483
1.84483
1.71605
1.71605
1.71605
1.71605
2.19203
1.77672
1.26253
0.478196
0.478196
0.478196
0.82794
2.08231
2.06955
2.06955
1.69137
1.69137
1.46177
1.2018
0.648727
0.648727
1.53388
1.26265
1.38206
1.38206
1.38206
1.0787
0.872816
0.872816
0.719642
0.719642
0.778762
0.778762
0.894738
0.894738
1.64082
1.90448
1.17632
1.39459
1.39459
1.39459
1.39459
1.19256
1.19256
1.07875
1.07875
0.525193
0.525193
0.605957
0.605957
0.605957
0.605957
1.24082
0.834747
1.07825
1.07825
1.07825
1.07825
1.07825
1.07825
1.07825
1.07825
1.07825
1.07825
1.07825
1.9506
2.77138
2.04847
2.13621
2.05925
2.2607
2.2607
2.24367
2.24367
2.38917
2.65732
2.65732
1.85796
1.7087
1.49586
1.0334
0.890683
0.890683
1.29733
1.29733
1.29733
2.10876
2.10876
1.82774
1.88745
0.831939
0.831939
1.14056
0.532346
1.62112
0.978154
0.978154
0.978154
0.978154
1.22276
0.812608
0.812608
0.99066
0.702766
0.731561
1.68398
1.68398
1.68398
0.959127
0.959127
2.01897
1.94204
2.3617
2.16052
2.16052
2.64067
2.11138
2.78382
2.78382
1.98366
1.57702
2.35146
2.35146
2.35146
2.68383
2.68383
2.68383
3.35794
3.11288
3.17441
3.46251
3.87494
3.3791
2.81689
2.73253
2.73253
2.32664
2.67734
1.79813
1.79813
1.44962
1.44962
1.44962
1.00993
1.12194
1.9237
2.24248
1.99222
2.10663
2.10663
2.67869
2.67869
1.67149
1.67149
1.67149
1.67149
1.57273
1.57273
1.57273
1.57273
1.57273
1.79907
1.79907
1.79907
2.33196
2.33196
1.7635
1.54927
1.82304
2.0113
2.0113
1.99654
1.99654
1.99654
1.99654
2.54357
3.04289
2.87014
2.87014
2.87014
2.87014
2.87014
2.87014
2.23127
2.23127
1.61846
1.25052
0.981207
1.52686
1.52686
0.748599
0.748599
0.748599
1.17226
1.17326
1.44334
1.17991
0.549133
0.549133
0.5669
0.952172
0.952172
1.00676
1.09021
1.09021
1.23725
1.82805
1.82805
1.82805
1.68811
1.51934
1.50495
1.21715
1.20945
1.20945
1.08398
1.08398
1.08398
1.14517
1.14517
1.09785
1.03757
1.03757
1.03757
1.03757
1.03757
1.49217
1.49217
1.49217
1.43804
1.43804
1.43804
1.43804
1.43804
1.13354
1.72042
1.72042
2.09869
2.09869
1.21181
1.21181
1.21181
0.3537
0.3537
0.946628
0.946628
0.639921
0.639921
0.639921
0.639921
0.469376
0.469376
0.469376
0.469376
1.26514
0.851283
0.851283
0.851283
0.94521
0.94521
0.94521
1.59899
1.59899
1.42179
2.33228
1.83853
1.83853
0.952567
0.952567
0.952567
1.93927
1.93927
1.99705
1.70994
1.70994
1.70994
1.81654
1.938
1.63397
1.63397
1.63397
1.0975
0.919805
0.943504
0.741084
0.289736
0.289736
0.289736
0.289736
0.289736
0.289736
0.289736
0.0828231
0.433642
1.42886
1.5563
2.05852
2.2522
2.2522
2.2522
2.18748
2.18748
2.18748
2.26599
2.26599
2.26599
2.26599
1.26557
1.26557
0.990213
1.49539
1.49539
1.65684
1.65684
1.65684
1.65684
1.95
2.09422
0.8826
1.45946
1.45946
1.45946
1.45946
1.20755
1.20755
1.20181
1.20181
1.20181
1.20181
0.936905
0.841706
0.841706
0.841706
1.32211
1.32211
1.32211
1.32211
1.27116
1.27116
0.431633
0.432793
0.432793
0.432793
0.432793
0.432793
0.432793
1.021
1.021
1.07717
0.547432
0.547432
0.837533
0.837533
1.29133
2.1192
3.40739
4.20769
4.28375
3.03445
3.03445
3.03445
2.8126
2.8126
1.19573
1.19573
1.19573
1.17658
1.03876
1.03876
1.03876
1.03876
1.03876
0.815939
0.815939
0.815939
0.815939
0.815939
0.815939
0.815939
0.815939
0.978075
0.978075
0.978075
1.99076
1.57743
1.57743
0.237579
0.237579
0.237579
0.536342
0.423095
0.830405
0.830405
1.36413
1.27572
0.909463
0.909463
0.909463
0.909463
0.909463
1.88093
0.794474
0.794474
0.794474
0.886401
0.886401
2.16192
1.69391
1.58642
2.36997
1.52969
1.52969
0.477795
0.477795
1.37855
0.732229
0.732229
0.664735
0.783381
0.783381
1.05545
1.05545
0.998968
1.57737
1.70167
1.70167
1.70167
1.00526
1.60802
1.8421
0.687759
0.61565
0.61565
0.61565
0.61565
0.61565
1.02327
1.02327
0.551531
0.551531
0.551531
1.15899
1.15899
1.76775
1.76775
1.76775
1.28751
1.86487
1.86487
1.86487
1.6346
2.39781
2.39781
2.34633
2.34633
1.97095
1.97095
0.73662
0.73662
0.73662
1.89995
1.89995
1.49871
1.49871
1.29589
1.18383
1.18383
0.892545
0.840827
0.840827
0.840827
0.840827
0.840827
0.753307
0.837138
1.59939
0.343576
0.343576
0.343576
0.343576
0.343576
0.343576
0.343576
0.343576
1.06733
1.06733
1.06733
1.03933
1.27555
1.27555
1.27555
1.27555
1.27555
1.27555
1.70068
1.70068
1.70068
1.70068
1.49546
1.49546
0.970691
0.970691
1.8599
1.8599
2.21813
2.21813
0.946749
1.13889
1.7585
1.7585
1.74464
1.74464
1.74464
2.54289
2.54289
2.54289
1.81546
1.81546
1.81546
1.81546
1.81546
1.02688
0.800905
0.800905
0.800905
0.946399
0.838428
1.18926
0.976974
0.976974
0.976974
0.976974
0.976974
0.976974
0.976974
0.642246
0.642246
0.642246
0.642246
1.42989
1.06524
1.06524
2.09603
1.96742
1.96742
2.89745
2.89745
3.67387
3.67387
2.89795
2.89795
2.89795
2.89795
2.65746
2.65746
2.65746
2.30921
2.30921
2.30921
1.99821
1.99821
1.2648
1.161
0.864557
1.45502
1.45502
1.45502
1.45502
1.45502
1.20404
0.233357
0.233357
0.233357
0.233357
0.233357
0.233357
0.233357
0.233357
0.233357
0.885551
0.885551
0.925043
0.925043
0.925043
0.925043
0.925043
1.34212
1.25762
0.635715
0.635715
0.635715
0.635715
1.61075
1.61075
1.61075
1.18519
0.790464
0.790464
0.790464
0.790464
0.790464
0.790464
0.790464
0.790464
0.790464
0.790464
0.790464
0.790464
1.56004
1.46033
0.26459
0.26459
0.26459
1.42964
1.42964
1.81847
1.51056
0.777906
1.55318
1.80763
1.69044
1.55622
0.376069
0.647716
0.901396
1.20017
0.683545
0.728242
0.684729
0.684729
1.04545
1.77303
1.76828
1.73084
1.06595
0.246821
0.246821
0.246821
0.246821
0.821144
0.821144
0.821144
0.69608
0.69608
0.69608
0.67513
0.67513
1.17513
1.17513
0.497331
0.497331
0.497331
0.497331
0.497331
0.497331
0.497331
0.497331
0.497331
0.497331
0.497331
0.497331
0.497331
0.466503
1.07239
1.0346
1.0346
0.740566
1.25689
1.02463
1.47471
1.25302
1.25302
1.13394
1.13394
1.13394
1.13394
0.874291
0.874291
0.770622
0.770622
0.770622
0.770622
0.893593
1.38669
1.38669
1.38669
1.38669
1.38669
1.38669
1.38669
1.08226
1.08226
1.57849
1.6829
1.6871
1.6871
1.6871
0.790869
0.790869
0.790869
1.22762
1.22762
1.22762
2.06393
2.06393
2.06393
2.01581
0.964729
0.964729
1.50372
1.50372
0.68773
0.68773
0.779153
0.779153
1.00677
1.09547
1.09547
0.77917
0.77917
0.782952
1.7572
1.7572
1.51513
1.51513
0.743898
1.51973
1.38342
1.38342
0.786023
0.532688
0.532688
0.528649
0.528649
0.528649
0.528649
0.528649
0.528649
1.25228
1.30886
1.30886
1.67177
1.67177
1.20553
0.407227
0.407227
0.407227
0.407227
1.54876
1.94319
1.89779
1.80665
2.10739
2.10739
1.88015
1.08242
0.712899
0.712899
0.712899
0.712899
0.712899
1.17771
0.253715
1.231
1.231
1.231
1.02976
1.02976
1.32753
0.403041
0.403041
0.403041
0.403041
0.403041
0.403041
0.403041
0.403041
0.69881
0.69881
0.69881
0.420994
0.50677
0.447664
0.447664
1.42492
1.42492
1.42492
1.42492
0.834055
0.834055
0.692834
0.692834
0.692834
0.408849
0.408849
0.408849
1.16876
1.49325
1.49325
1.97531
3.11452
3.11452
2.89371
2.09941
2.09941
2.09941
2.09941
2.12457
1.90339
1.50722
0.528113
0.548726
0.548726
0.548726
1.60619
1.60619
1.21672
1.50202
2.40261
2.90171
2.90171
2.4509
2.4509
2.20556
2.20556
2.6538
3.21371
3.67745
3.67745
3.38635
3.38635
3.16787
3.16787
3.5711
2.88158
2.88158
2.88158
1.79961
2.07717
1.94893
1.70268
1.70268
1.22207
1.79206
1.62839
0.486141
0.486141
0.486141
0.486141
0.486141
0.486141
0.325646
0.325646
0.325646
0.635193
0.635193
1.23958
1.20354
1.20354
2.68901
2.26883
1.91007
1.74471
2.0053
1.92859
1.92859
1.92859
1.92859
1.9644
1.9644
2.98583
3.65797
3.65797
3.64977
3.64977
3.64977
2.55975
2.20146
2.31077
2.31077
2.31077
2.86495
2.86495
2.86495
2.86495
2.86495
1.68706
2.25887
1.95127
1.95127
2.11117
2.11117
1.82924
1.57168
1.57168
2.6106
2.84111
2.8831
2.40731
2.37516
2.9429
2.9429
2.9429
2.79207
2.79207
3.19727
3.19727
3.19727
3.19727
2.06501
1.95993
1.95993
1.95993
1.95993
2.57977
2.69224
2.69224
1.83743
2.03165
2.03165
2.29845
2.07362
2.31745
2.91025
2.14615
2.14615
2.14615
2.14615
2.14615
1.99002
1.99002
2.69088
2.69088
2.46542
2.45124
1.90295
2.00414
2.00414
2.00414
1.4245
1.44231
0.565839
0.565839
0.565839
0.565839
1.08766
1.08766
1.67375
2.03922
2.29283
2.61605
2.10506
2.80621
2.65255
2.65255
2.65255
1.92136
1.92136
1.10355
1.49182
1.2159
1.2159
1.5731
1.62129
1.62129
1.62129
1.62129
1.62129
1.43116
1.43116
1.75543
1.75543
1.75543
1.71152
2.29
1.78886
2.18237
2.56562
2.8346
1.66635
1.66635
1.5544
1.93394
2.11911
2.11911
2.11911
2.15401
1.74877
2.12009
2.12009
1.78107
1.18671
1.18671
0.743689
0.461549
0.461549
0.461549
0.998436
0.998436
0.998436
0.965023
1.54759
1.54759
1.54759
1.73077
1.73077
1.73077
1.73077
1.47759
1.78758
1.78758
1.78758
2.45189
3.01458
3.61903
2.29611
2.29611
2.29611
2.29611
2.48767
2.43237
1.95371
1.95371
1.95371
1.83222
2.68793
2.57751
1.78565
1.24697
0.900985
2.25256
1.81801
1.23884
1.68545
0.721341
1.33203
1.86452
0.634888
0.827873
0.827873
0.827873
1.26094
1.06783
1.06783
0.669487
0.953347
1.47107
1.92608
1.22322
1.22322
1.70162
1.5556
1.5556
1.33093
1.57313
1.35815
1.35815
0.599524
0.935527
1.5856
1.5856
1.5856
1.72782
1.72782
1.98215
1.52585
1.52585
1.52585
1.52585
0.987178
0.987178
0.987178
0.987178
0.97076
1.20396
1.2321
2.36798
2.36798
2.36798
2.36798
2.36892
2.36892
1.63667
1.63667
1.63667
1.63667
0.46784
0.46784
0.46784
0.46784
0.46784
1.2546
0.98309
0.375266
0.678489
1.39536
0.444194
0.444194
0.444194
0.444194
0.444194
0.688342
0.688342
0.688342
0.688342
0.688342
0.771959
0.555115
0.555115
0.555115
0.888442
0.888442
0.920575
0.920575
0.920575
0.449365
0.804097
0.804097
1.36316
1.36316
1.37419
1.72131
1.72131
1.76368
1.76368
1.80815
1.95868
1.59677
1.59677
1.59677
1.85205
1.23175
1.23175
1.23175
1.98296
2.32117
2.32117
2.32117
2.70951
2.04937
1.01067
1.38209
1.32063
1.32063
1.2612
1.3923
1.75367
1.92306
2.09813
2.09813
2.09813
0.943365
0.943365
0.943365
0.943365
0.943365
1.08276
0.975828
0.932322
0.932322
1.45876
1.45876
0.660297
0.660297
0.736651
0.899805
0.559016
0.559016
0.559016
0.559016
0.559016
0.843686
0.843686
0.843686
1.31347
1.57034
1.57034
1.11882
1.17216
1.17216
1.17216
1.49717
1.4602
1.4602
2.23616
2.23616
2.16926
2.11237
1.78246
1.39395
1.20828
2.05412
1.07887
1.29583
1.29583
0.767493
0.767493
0.767493
0.767493
0.767493
0.767493
0.767493
1.5314
1.5314
1.5314
1.5314
1.90744
2.3242
2.55733
2.80198
2.80198
2.80198
2.75387
2.75387
2.75387
2.6613
2.14366
3.0112
3.0112
2.83856
2.83856
2.83856
2.83856
2.83856
3.11382
3.40969
3.07818
3.07818
2.61512
1.8295
1.8295
1.88009
0.854184
0.854184
0.854184
0.854184
0.854184
0.854184
0.854184
0.952112
0.952112
0.952112
0.962146
0.962146
0.962146
1.03359
1.03359
1.03359
1.03359
1.88429
1.88429
2.07114
2.49721
3.01342
2.29124
2.29124
2.0909
2.0909
1.86557
1.86557
0.771732
0.865942
0.865942
0.865942
0.87109
0.858521
1.24909
1.24909
0.466851
0.466851
0.466851
0.466851
0.466851
0.466851
0.466851
0.466851
0.636963
0.975349
0.975349
0.975349
0.975349
0.975349
1.93962
2.78724
2.78724
2.78724
2.34722
2.34722
1.73138
1.22148
1.22148
1.57213
1.11122
1.11122
1.11122
1.11122
1.11122
0.693959
0.693959
1.25855
1.25855
0.68288
0.68288
0.738111
0.738111
1.16034
1.16034
1.16034
0.535576
0.535576
0.535576
1.37148
0.68658
0.668067
0.668067
0.668067
0.861607
0.861607
0.53996
0.53996
0.53996
0.53996
0.53996
0.53996
1.45775
2.00245
1.99816
2.22971
2.09383
1.96904
1.96904
1.5514
1.22841
1.22841
1.22841
1.22841
1.52213
1.12566
1.12566
1.12566
1.12566
0.560257
0.560257
0.560257
0.560257
0.560257
1.80594
2.00465
2.13882
2.13882
1.33772
1.33772
2.60639
2.63144
2.63144
1.9905
1.9905
1.77523
2.69194
2.06858
0.957357
0.920873
0.52072
1.09922
1.09922
1.09922
1.09922
2.0408
2.95644
3.61352
3.01549
3.01549
3.01549
2.76437
2.36098
2.00535
2.00535
2.32652
1.96086
1.77672
1.77672
1.17993
1.5723
1.5723
1.00196
1.00196
0.856262
1.4563
1.46642
1.46642
1.46642
1.46642
1.46642
1.46642
1.20823
0.71359
0.71359
0.93967
2.07405
1.92458
2.18577
2.18577
2.01269
2.01269
2.44282
2.13577
1.84272
0.787818
0.673146
0.827884
0.827884
0.827884
0.68028
1.18736
1.18736
1.18736
2.63267
2.01505
2.01505
2.01505
1.81157
1.30905
1.30905
0.527372
0.527372
0.527372
1.14179
1.14179
1.14179
1.14179
1.14179
1.14179
1.17867
1.17867
1.04474
1.04474
1.04474
1.04474
0.968599
1.33823
0.820331
1.65157
1.65157
1.57242
2.5948
2.19004
2.24604
2.472
2.472
2.5665
2.5665
1.42769
1.67445
1.67445
1.67445
1.67445
2.16779
2.06301
2.37428
2.37428
2.34826
2.34826
1.89561
1.89561
1.89561
1.89561
1.70529
1.70529
1.70529
2.14611
2.18429
2.18429
2.18429
2.18429
0.735441
0.962333
1.48578
2.14299
2.11868
2.11868
0.857677
0.857677
1.41278
1.41278
1.15302
0.477917
0.477917
0.477917
1.47008
1.47008
1.47008
1.47008
1.46352
1.46352
1.46352
1.1102
1.1102
1.1102
1.1102
1.1102
1.1102
1.1102
1.46178
1.96022
1.12443
0.497243
0.497243
0.497243
0.497243
0.249419
0.249419
0.249419
0.249419
0.249419
0.249419
0.249419
0.884429
0.884429
1.34037
0.693172
0.693172
1.62592
2.76876
2.447
2.447
2.55253
2.55253
2.55253
2.39685
2.20436
2.20436
2.20436
1.33611
0.919822
0.919822
0.919822
0.919822
0.919822
1.24805
1.24805
2.129
1.81151
1.76716
1.76716
1.59792
1.75978
1.16615
1.16615
1.40403
0.783361
1.16794
1.16794
1.16794
1.16794
1.16794
0.611638
0.631469
0.631469
1.16113
1.05578
1.05578
1.793
2.21818
2.39461
1.87714
1.87714
1.87714
1.87714
1.67701
1.28279
1.24266
1.13367
1.13367
1.77649
1.44461
1.44461
0.890162
0.890162
0.890162
0.934732
0.934732
1.91678
2.33774
2.23067
2.23067
1.62465
1.62465
1.62465
1.36682
1.22769
1.22769
1.22769
0.758736
0.758736
0.758736
0.758736
0.484467
0.465527
0.465527
0.465527
0.465527
0.465527
1.82808
1.82808
1.82808
1.24403
1.24403
1.24403
1.62325
1.23109
1.23109
1.38198
1.42664
1.42664
1.42664
1.87049
1.87049
3.15926
3.01896
3.01896
3.01896
3.83622
3.88344
3.85233
3.83406
3.83406
3.83406
3.0359
3.16732
3.16732
3.13769
3.13769
3.13769
3.38946
3.38946
2.60035
2.17345
1.36257
1.36257
1.36257
1.55758
1.55758
1.55758
1.55758
2.31442
2.31442
2.31442
2.14502
2.372
2.27029
2.27029
2.27029
2.27029
2.27029
2.27029
2.15203
2.15203
1.09734
0.708034
0.708034
0.708034
0.339209
0.339209
0.339209
0.339209
0.339209
0.339209
0.339209
0.339209
0.339209
0.339209
0.86288
0.86288
1.21786
0.203722
0.203722
0.203722
0.203722
0.203722
0.203722
1.20372
0.963498
1.19574
1.19574
0.982425
0.982425
0.982425
0.982425
2.0235
1.59695
1.80272
1.80272
0.792229
1.33653
1.33653
1.40276
1.40276
1.40276
2.05319
2.05319
2.5374
2.5374
2.5374
2.04686
1.39582
0.998033
1.56371
1.56371
1.56371
1.56371
1.56371
0.91764
0.91764
0.91764
2.01259
2.1242
1.51853
1.85168
1.85168
2.83135
2.86833
2.64291
1.88385
1.76728
2.63033
1.33808
1.33808
1.37021
1.37021
1.37021
1.37021
0.217599
0.217599
0.217599
0.217599
0.217599
0.217599
0.217599
0.217599
0.217599
1.27642
1.27642
1.62435
1.62435
1.62435
1.62435
1.62435
0.921209
0.921209
0.904202
1.08228
1.08228
1.30916
1.72958
1.98972
1.84717
2.39387
2.39387
1.79342
1.79342
0.725562
0.910537
0.910537
1.15617
0.286155
0.286155
0.286155
0.286155
0.286155
0.460774
0.460774
0.460774
0.460774
0.460774
0.460774
0.737326
0.737326
0.737326
0.568154
1.48381
1.48381
1.48381
1.91154
1.91154
1.91154
1.8547
1.8547
2.37205
2.28531
1.59767
2.48048
2.38841
2.27314
2.02861
2.02861
1.79368
1.51735
1.16914
1.16914
1.16914
1.16914
0.443999
0.443999
0.443999
0.443999
0.443999
0.527343
1.48506
2.70225
2.861
2.861
4.0076
3.96317
2.99138
2.8024
3.4358
3.37352
3.37352
3.37352
2.87199
3.35287
3.35287
3.35287
3.35287
4.19203
3.67573
3.67573
3.03715
3.03715
3.35796
2.70843
2.70843
2.70843
2.70843
2.88125
2.69421
2.69421
3.79465
3.40836
3.05645
3.05645
3.05645
3.00657
3.00657
2.26481
2.63483
2.39029
1.88966
1.84816
1.84816
0.53873
1.44674
2.66504
2.66504
2.04421
1.63675
1.63675
1.63675
1.63675
1.63675
1.63675
1.0014
1.0599
1.0599
1.04787
1.04787
0.594286
1.0092
1.0092
1.0092
1.0092
1.0092
1.66319
1.53407
0.955925
0.756328
0.756328
0.81382
0.81382
0.81382
0.81382
1.24711
0.878102
1.08622
0.904688
1.70394
1.67934
1.74644
1.23275
1.81842
1.81842
2.0933
2.0933
1.86228
1.94861
1.94861
2.35885
1.55583
1.37463
1.37463
1.37463
1.37463
1.37463
1.37463
1.37463
1.37463
1.90755
1.90755
1.90755
1.90755
1.72944
1.85959
1.85959
1.85959
1.37671
1.14441
1.14441
1.56804
1.56804
1.56804
2.04905
1.83595
1.83595
1.31474
0.952422
0.952422
0.952422
0.952422
0.904751
0.630822
0.630822
0.630822
1.24068
1.24068
1.24068
1.24068
1.24068
1.13663
1.13663
1.13663
1.13663
1.13663
1.13663
0.937279
0.890563
1.38983
1.38983
1.81317
1.81317
1.81317
1.35193
1.23362
1.23362
1.14209
1.12545
1.12545
1.12545
1.12545
1.29606
1.29606
1.29606
0.823344
0.823344
0.823344
2.31205
1.89733
1.71221
0.955746
0.955746
0.955746
0.955746
1.28465
1.35274
1.35274
1.35274
1.06368
1.90053
1.67942
2.12844
2.12844
2.1823
2.17118
1.73378
1.73378
1.73378
1.45203
0.554364
0.554364
0.554364
0.554364
0.780016
0.780016
0.780016
1.11556
2.44548
2.44548
2.99372
2.483
2.483
2.483
2.483
2.483
2.483
2.483
2.62988
2.11354
1.55391
1.55391
1.91385
1.91385
1.91385
1.9704
2.02016
1.83433
1.99836
1.99836
1.99836
2.34072
2.72667
2.72667
2.72667
3.28471
3.28471
2.31444
1.17871
1.17871
0.908682
0.782592
1.4441
1.4441
1.4441
1.4441
1.4441
1.09929
1.09929
1.09929
0.502123
0.502123
0.502123
0.502123
0.502123
0.502123
0.502123
0.502123
0.502123
0.502123
0.502123
0.435294
0.552716
0.552716
1.13515
1.13515
1.13515
1.13515
1.13515
1.13515
1.13515
1.86949
1.26167
1.26167
1.52821
1.52821
1.36564
1.36564
2.55418
2.42531
2.15565
2.3934
2.27139
1.50525
1.50525
