0
0.524282
0.524282
0.524282
0.524282
0.524282
0.524282
0.524282
0.664007
1.67197
1.83712
1.83712
1.83712
1.83712
3.26965
2.24784
2.24784
2.21299
1.62342
2.30165
2.04181
2.95278
2.95278
2.95278
2.87607
2.87607
3.67954
4.11881
4.04049
4.04049
2.99481
2.99481
2.06895
1.92698
2.53523
2.53523
1.86214
1.03555
1.03555
0.861874
0.861874
1.38022
1.38022
1.38022
1.38022
1.38022
1.38022
1.38022
1.38022
1.03331
1.20759
1.22654
1.22654
1.31758
1.93795
1.69601
1.69601
2.23561
2.23561
2.23405
2.23405
2.23405
1.60741
1.97156
1.97156
2.37061
2.37061
2.24378
2.24378
2.24378
2.24378
1.41783
1.42115
1.08499
1.08499
1.08499
1.08499
1.24762
1.24762
0.76647
1.45432
1.45432
0.982112
1.32169
1.32169
1.13643
1.13643
1.13643
1.13643
0.882889
0.882889
0.933428
1.14403
2.05561
2.05561
2.05561
1.85517
1.99373
2.60664
2.26992
2.26992
2.15202
1.51102
1.77294
2.27128
2.27128
2.49001
2.49001
2.25131
1.08075
0.893367
0.893367
0.599759
0.599759
1.00877
1.00877
1.00877
1.00877
0.908873
1.0226
1.0226
1.0226
0.609272
0.815382
0.815382
0.737584
0.737584
0.737584
0.737584
1.11251
1.3149
1.02373
1.38827
1.19796
1.97933
1.97933
1.97933
2.89514
2.852
2.93489
2.93489
1.91681
2.19206
2.19206
1.71528
2.22518
2.50616
2.64424
2.54171
1.88688
1.28923
0.651251
1.29585
1.29585
1.57871
1.57871
1.34556
1.08789
1.24316
0.704181
0.704181
0.704181
0.704181
0.704181
0.704181
0.704181
0.413082
0.413082
1.3049
1.55927
1.55927
2.70471
2.17438
2.17438
1.81009
2.20993
1.79982
1.79459
1.79459
1.79459
1.79459
1.79459
1.006
1.006
1.006
0.561114
0.561114
0.561114
1.03382
1.03382
1.03382
1.04817
1.04817
0.233426
0.233426
0.233426
0.233426
0.233426
0.233426
0.233426
0.233426
0.233426
0.233426
0.233426
0.233426
0.233426
0.233426
0.233426
0.233426
0.233426
1.23087
1.23087
1.09314
1.09314
1.09314
1.09314
1.4498
1.78596
1.78596
1.78596
1.78596
0.900063
1.01188
1.01188
1.01188
1.01188
1.01188
1.01188
1.01188
1.01188
0.745989
0.745989
0.745989
0.756457
1.01838
1.4573
1.36439
1.36439
1.22332
0.972039
0.972039
1.55651
1.62077
1.62077
2.59524
2.70886
2.58774
1.87048
1.87048
1.87048
1.87048
1.78522
1.49699
1.49699
1.62903
1.09636
1.56807
1.56807
1.55306
0.628289
0.628289
0.628289
0.628289
0.628289
1.73962
2.4585
2.61573
2.72925
1.39274
0.344899
0.580169
0.580169
0.580169
0.580169
0.580169
0.580169
0.580169
0.580169
0.580169
0.704393
0.704393
0.704393
0.917205
1.0057
1.0057
1.0057
1.18774
1.53602
2.34664
2.34664
2.44964
2.44964
1.89346
1.89346
1.89346
1.89346
1.89346
1.89346
1.89346
1.89346
0.815173
0.815173
0.749117
0.543235
0.543235
0.184991
0.184991
0.184991
1.57478
1.15871
1.15871
1.71577
1.71577
1.23815
1.39496
1.39496
1.39496
1.39496
1.39496
1.53559
1.53559
0.734795
0.734795
1.4019
1.4019
1.20626
0.709566
0.709566
0.709566
0.709566
0.709566
0.942621
0.730466
0.730466
0.730466
0.593649
0.451976
0.451976
0.782557
0.782557
2.001
2.001
2.2695
2.2695
1.84681
2.00583
2.00583
2.00583
2.00583
2.2549
1.97079
1.68112
1.68112
1.68112
1.68112
2.3858
2.3858
2.78912
2.24022
1.83893
2.04422
2.04422
2.80446
2.80446
2.80446
2.3208
2.86869
2.86869
3.23106
3.86541
3.86541
3.19948
2.46012
2.03228
2.03228
2.03228
2.03228
2.03228
2.03228
2.91246
3.4828
3.52319
2.78767
2.78767
3.49225
3.49225
3.32202
3.32202
2.6133
2.6133
2.6133
2.61986
2.16117
2.62944
2.14276
2.14276
1.5611
1.97354
1.97354
1.09029
1.45575
1.45575
1.45575
1.60679
1.60679
2.33165
1.99055
1.9254
1.791
0.921515
0.921515
0.569811
0.569811
0.569811
1.46619
1.34309
0.734338
0.734338
0.734338
0.734338
0.734338
0.0949063
0.527709
1.09555
0.711747
0.711747
0.711747
0.711747
0.711747
0.461684
0.461684
1.11421
1.1512
1.1512
1.1512
0.893598
0.893598
0.716186
1.18798
2.17452
2.17452
2.17452
2.17452
1.46206
1.46206
1.653
2.15841
2.18493
1.22567
0.671262
0.671262
1.26584
0.955783
1.35646
1.30231
1.74927
1.69568
1.15639
1.15639
0.886543
0.886543
0.886543
0.886543
1.2252
0.794122
0.794122
0.794122
0.820556
0.820556
1.13132
1.11667
0.639782
0.639782
0.639782
0.639782
0.639782
2.07341
2.73649
2.73649
2.83009
3.71883
2.95503
2.95503
3.44092
3.10473
2.86011
3.10265
3.10265
3.80524
3.7039
3.55614
3.85408
5.17449
4.98262
4.16842
3.79819
3.79819
3.79819
4.44481
3.28968
3.38828
3.11687
2.73586
1.70932
1.59071
1.59071
1.59071
1.59071
1.9006
2.12356
3.44251
3.7742
3.7742
4.30486
3.73766
3.3779
2.94492
2.94492
2.94492
2.94492
3.41941
3.41941
3.85791
3.79308
3.79308
3.79308
3.1077
3.41652
3.41652
3.82474
4.09889
4.46709
4.56943
3.71247
3.16006
3.16006
3.97039
3.97039
2.95976
2.73725
2.73725
2.87125
2.07007
1.53388
1.53388
1.53388
1.04965
1.04965
1.04965
1.04965
1.04965
1.08055
1.08055
1.08055
0.990387
0.990387
0.990387
0.990387
2.1212
0.975108
1.11814
1.71867
1.54352
0.979471
0.979471
1.08128
0.698767
0.698767
0.698767
0.698767
0.698767
1.07138
0.732599
1.015
1.015
0.842726
0.842726
0.842726
0.74955
0.407984
0.407984
0.389577
0.389577
0.389577
0.389577
0.389577
0.389577
0.389577
0.655309
0.655309
0.655309
0.655309
0.655309
0.655309
1.02934
1.02934
1.02934
1.02934
1.7895
1.7895
1.11249
1.11249
1.11249
0.933763
1.6959
1.6959
1.93146
1.53606
1.51333
1.51333
1.51333
1.45253
1.45253
1.81547
1.35753
1.35753
1.35753
1.35753
1.33209
1.77068
1.77068
1.77068
2.41196
2.41196
2.41196
1.79252
1.79252
1.79252
1.79252
1.37187
1.33259
1.33259
1.95213
2.19889
1.2841
1.19208
1.69656
1.69656
1.58115
0.690649
0.690649
0.690649
0.564577
1.20144
0.602124
0.602124
0.602124
0.602124
0.602124
1.17145
2.01157
2.01157
2.01157
2.01157
2.17509
2.17509
2.17509
2.17509
2.17509
2.17509
1.33019
1.33019
0.932837
1.0726
0.953796
0.336597
0.336597
0.336597
0.336597
0.336597
0.336597
0.336597
0.336597
0.336597
0.336597
0.336597
1.48191
1.63448
1.63448
1.11925
1.11925
1.11925
1.11925
1.11925
1.6094
1.70107
1.74178
1.74178
1.74178
1.74178
1.74178
2.24842
2.24842
2.24842
2.24842
1.7108
1.7108
1.49994
1.49994
1.69508
1.27533
1.64349
0.765672
0.765672
0.415718
0.520117
0.520117
1.02063
1.02063
1.38063
0.244777
0.244777
0.244777
0.724153
0.724153
0.182823
0.182823
0.956925
0.429417
0.429417
0.429417
0.429417
0.616938
0.616938
0.616938
0.616938
0.616938
0.616938
0.616938
0.616938
0.645081
0.645081
0.909322
0.909322
0.909322
0.909322
0.720428
0.720428
0.41409
0.41409
0.41409
0.41409
0.707023
0.707023
0.962594
1.59266
1.59266
1.51261
2.23204
2.0192
2.0192
1.96371
1.8071
1.8071
1.72275
1.72827
1.72827
1.72827
1.45979
1.13147
1.7497
1.92054
1.80921
2.2534
2.2534
1.35045
1.3391
1.3391
1.3391
1.21514
1.79953
1.06465
0.955524
0.955524
0.955524
1.09328
1.09328
1.09328
1.09328
1.09328
1.61299
1.61299
2.10394
2.10394
1.73138
1.73138
1.48334
2.33508
2.33508
2.33508
2.33508
1.6163
1.6163
1.13557
0.808374
1.21093
1.21093
0.940773
0.673375
0.673375
0.673375
0.673375
0.686958
0.686958
0.686958
0.686958
0.686958
0.686958
0.686958
1.28013
2.39979
1.3787
1.3787
1.3787
1.0728
1.11528
1.3674
1.3674
1.17815
1.26048
1.27412
1.27412
1.27412
1.47025
1.47025
2.13446
1.43019
1.43019
1.64795
2.0342
1.36381
1.36381
0.355043
1.10482
1.10482
1.10482
2.23674
2.23674
3.2559
2.58382
2.71858
2.71858
2.71858
2.71858
1.957
0.819023
1.04368
1.24622
0.729265
0.894753
0.894753
1.22865
1.22865
1.86347
1.86347
1.82553
2.08645
2.08645
2.08645
1.38983
1.54816
2.22651
2.22651
2.44662
2.44662
2.44662
2.44662
2.06599
2.06599
2.33469
2.33469
2.46122
3.1781
2.5697
2.94
3.13063
2.58547
1.98482
1.98286
1.23959
1.40556
1.40556
1.26139
1.02578
2.04787
3.57639
3.29338
4.46479
4.18805
3.62963
2.43459
2.43459
2.30005
2.08162
2.08162
1.45793
1.45793
1.66721
1.66721
1.66721
1.13957
1.13957
1.13957
1.63255
2.37791
2.37791
1.81319
1.81319
2.77353
2.77353
2.77353
2.77353
2.77353
3.33315
3.34884
2.65916
2.65916
2.65916
3.02223
3.02223
2.11084
2.11084
2.11084
1.53848
1.53848
1.53848
1.53848
1.4109
1.4109
1.62169
1.62169
0.591335
0.662096
0.82249
0.274868
0.274868
0.274868
0.274868
0.274868
1.22542
0.623527
0.623527
0.623527
0.776706
0.886555
0.886555
1.59759
1.71533
1.74821
2.09545
2.69074
2.69074
2.11452
2.11452
2.11452
2.11452
2.11452
1.41337
1.41337
1.41337
1.64953
1.64953
1.64953
1.12879
1.12879
1.12879
1.86872
1.86872
1.55018
1.55018
1.55018
1.74182
1.20018
1.07401
0.77607
1.30322
1.53705
1.1408
1.71047
1.05914
0.997547
1.37177
1.37177
1.37177
1.37177
1.21066
1.21066
1.21066
1.21066
1.21066
1.21066
1.21066
1.21066
1.06401
1.06401
1.06401
1.06401
1.74612
1.74612
1.39816
2.19742
2.32011
2.08606
2.08064
1.25687
1.25687
1.25687
1.89168
1.89168
1.89168
1.89502
1.94463
1.57762
2.01052
1.96959
1.74956
1.41328
1.85089
1.1574
1.1574
0.998686
1.86415
2.35304
2.27449
2.27449
2.29004
2.29004
2.29004
3.0631
3.26634
3.26634
3.77711
4.51635
4.11365
4.11365
4.11365
4.11365
4.17878
4.17878
2.72038
2.53517
2.53517
2.29967
1.16508
1.073
1.33092
1.23979
1.23979
0.892593
0.888893
0.888893
0.888893
0.888893
0.778354
1.01311
0.819209
0.819209
0.819209
0.858331
0.622678
0.622678
0.622678
0.796182
0.796182
0.796182
0.796182
0.796182
0.796182
0.796182
0.796182
0.796182
0.813942
0.321168
0.321168
0.321168
0.321168
0.469992
0.247649
0.247649
0.247649
0.247649
0.247649
0.247649
0.247649
0.247649
0.63557
0.63557
0.63557
0.63557
0.63557
0.63557
0.63557
0.63557
0.63557
1.09281
1.09281
1.09281
1.66246
1.66246
1.66246
1.31229
1.31229
1.37421
1.37421
2.09462
1.2377
1.11996
0.764648
0.764648
0.733763
0.733763
0.733763
0.733763
0.353441
0.353441
0.353441
0.353441
0.353441
0.353441
0.353441
0.353441
0.353441
0.163925
0.163925
0.163925
0.163925
0.163925
0.163925
0.163925
0.163925
0.163925
0.352667
0.352667
0.352667
0.352667
1.71502
2.17926
2.17926
2.77571
2.61009
2.61009
2.08984
2.08984
2.08984
1.524
1.77362
1.95547
1.53634
0.977868
0.977868
0.287395
0.287395
0.287395
0.287395
0.287395
0.287395
0.598965
1.82761
2.40745
2.40745
2.40745
2.55373
1.64563
1.17615
1.17615
2.21947
2.21947
2.26197
2.26197
1.40616
1.24096
2.0874
1.49037
0.77096
0.77096
1.79214
2.28339
0.527336
0.527336
0.527336
0.527336
0.527336
0.527336
0.527336
1.17671
1.36296
1.36296
1.36296
0.57682
0.674671
0.674671
0.674671
0.674671
0.674671
1.08837
1.08837
1.08837
1.08837
1.08837
1.08837
0.779389
0.779389
0.779389
0.779389
0.9879
1.37807
1.37807
2.0693
2.55664
3.16053
3.16053
3.16053
2.18309
2.18309
2.18309
2.21885
2.57195
1.73711
1.73711
1.73711
1.73711
1.73711
1.73711
1.13692
0.749356
0.813759
0.813759
0.813759
0.813759
0.605032
0.605032
0.605032
0.605032
1.23759
1.76602
2.7009
2.7009
3.0555
3.36865
3.36865
3.36865
3.36865
3.30033
2.97944
2.97944
3.18921
3.95856
3.41505
3.41505
3.47249
3.49895
3.49895
3.6067
2.55157
2.55157
2.55157
1.8394
3.19262
3.57327
3.40882
3.35402
3.35402
3.22856
3.22856
2.97849
2.17648
1.15729
1.15729
0.804391
0.804391
0.491777
0.491777
1.22547
1.77993
1.68262
1.3457
2.18539
2.13935
1.69548
1.09079
1.09079
1.09079
1.72424
1.2115
1.2115
1.2115
1.43383
1.36668
2.63244
2.63244
1.69283
1.69283
1.69283
1.92022
1.92022
2.37066
1.39715
0.852383
0.828142
0.828142
0.553621
0.553621
0.850338
0.850338
1.02274
1.02274
1.02274
1.02274
1.02274
1.47084
1.47084
1.48226
1.48226
1.48226
1.48226
1.48226
1.48226
2.06325
2.06325
2.55765
2.64701
1.97838
1.87442
0.612755
0.612755
0.612755
1.58009
2.32116
2.13949
1.99153
2.02623
2.06119
2.0951
2.09819
1.88396
1.88396
3.02505
3.02505
2.42556
2.26153
3.20293
3.20293
2.97508
2.97508
2.97508
3.34165
3.88756
3.88671
3.72733
3.72733
3.72733
3.72733
3.72733
3.43996
3.62726
3.85968
4.46241
4.46241
4.8105
4.50086
4.50086
3.72151
3.72151
3.72151
2.97384
2.98657
1.93851
1.71449
1.69535
1.34727
0.912653
1.3426
1.3426
1.3426
0.622523
0.622523
0.622523
0.622523
0.836677
1.88392
1.88392
1.88392
2.6701
2.6701
2.6701
2.56864
2.56864
1.62748
1.59338
1.75718
1.54445
1.03022
1.03022
1.03022
1.03022
1.03022
1.90803
1.01878
0.876113
0.148964
0.148964
0.148964
0.148964
0.148964
0.99998
0.950251
0.706297
0.706297
0.706297
0.706297
0.706297
0.706297
0.706297
0.706297
0.706297
0.706297
1.23334
0.75471
0.75471
0.910304
0.910304
0.792906
0.792906
0.683601
0.683601
0.683601
0.683601
1.57262
1.58086
1.62343
0.742974
0.742974
0.742974
0.814254
0.814254
1.41274
0.952641
0.845173
0.71621
0.71621
0.71621
0.71621
0.919565
1.1891
1.1891
1.1891
1.1891
0.932777
0.932777
0.932777
1.03194
1.03194
1.03194
1.48261
1.48261
1.48261
1.48261
0.421929
0.421929
0.421929
1.21991
0.423472
0.423472
1.15125
1.15125
1.15125
1.15125
1.85241
2.26595
2.26595
2.82108
2.74751
3.83865
3.008
3.008
3.008
3.008
2.90724
3.66854
3.66854
2.494
2.21167
1.01519
1.01519
0.961226
0.961226
0.961226
0.893096
1.477
1.477
1.477
1.94025
1.71753
1.71753
2.23186
2.23186
2.8928
3.538
3.538
3.538
3.05052
2.80999
3.53277
3.1585
3.1585
2.54635
2.73973
2.73973
2.15871
2.15871
2.47032
2.20387
2.20387
1.35331
1.77074
1.77074
1.43853
1.43853
1.69077
1.83592
1.83592
0.963606
0.963606
0.963606
0.963606
0.652969
0.780512
0.780512
0.600681
0.936526
1.17915
1.17915
0.701409
1.14898
1.14898
1.14898
2.42472
2.21679
1.26735
0.929591
0.929591
0.929591
0.929591
0.929591
1.12805
0.838729
0.838729
0.838729
0.382957
0.382957
0.382957
1.4794
1.4794
0.478723
0.478723
0.478723
0.478723
0.478723
0.54539
1.5206
2.32809
1.77283
1.77283
1.77283
1.05294
1.42803
0.808245
0.808245
0.808245
0.764862
0.764862
0.764862
0.764862
1.18608
1.20724
1.32876
0.702178
0.702178
0.702178
0.702178
0.720292
0.720292
0.720292
1.29041
0.319053
0.319053
0.319053
0.319053
0.329989
0.329989
0.562203
0.562203
0.562203
0.562203
0.562203
0.933946
0.596485
0.596485
1.02829
0.86541
0.86541
1.45844
1.45844
1.45844
1.45844
1.45844
1.45844
1.45844
0.964122
1.07146
1.30005
1.67197
1.82694
1.72482
1.39917
1.39917
1.39917
1.39917
0.674386
0.654602
0.654602
0.654602
0.628706
0.935498
1.5462
1.5462
0.712927
1.06484
1.06484
1.06484
1.83717
1.45054
1.45054
1.45054
1.564
0.478841
0.478841
0.56222
1.44542
1.44542
1.44542
1.44542
1.23257
1.7873
1.64951
1.47126
1.26122
1.13485
1.04697
1.04697
1.04697
2.14905
2.14905
2.14905
1.5111
1.32379
2.24002
2.24002
2.24002
3.84847
3.71496
3.90147
3.90147
4.46525
4.65794
4.64349
4.6188
4.6188
5.11233
5.11233
5.11233
5.4236
5.4236
5.15497
5.15497
5.16119
5.01724
5.33764
5.42332
5.42332
5.42332
5.02704
4.69141
4.69141
4.69141
4.67406
4.67406
4.48391
4.48391
5.06092
5.06092
5.4235
5.4235
4.78541
3.82783
3.76155
3.68461
3.68461
4.69489
4.69489
4.25141
4.25141
4.4134
4.26519
3.62309
2.71921
2.54098
2.60964
2.17024
1.14105
1.08795
0.463585
0.569824
0.569824
0.569824
0.569824
1.31289
1.15506
1.15506
0.966869
0.616275
0.616275
0.616275
0.32971
1.22249
1.07988
1.07988
1.07988
2.1994
2.1994
2.1994
2.1994
2.45987
2.96992
2.96992
2.96992
2.73813
2.5468
2.29228
2.29228
2.29228
1.40375
1.42903
1.42903
1.41841
1.41841
1.47998
1.47998
1.47998
1.9449
1.91719
2.29773
2.29773
1.64153
1.64153
1.64153
2.19976
2.19976
2.44118
2.44118
2.44118
3.04628
3.95767
3.95767
3.95767
3.95767
3.39539
3.39539
3.39539
3.41169
3.15904
2.30935
2.11365
0.942124
0.942124
1.48214
1.48214
1.48214
1.48214
1.5008
2.45829
2.45829
2.81439
2.66738
1.64556
1.64556
1.64556
1.64556
1.23955
1.59476
0.899382
0.899382
0.899382
0.899382
0.829083
0.726123
0.726123
0.726123
0.726123
1.72374
2.02483
2.02483
1.61527
1.61527
1.46977
2.65887
2.22427
3.12908
3.12908
3.12908
3.12908
3.66937
3.2915
3.2915
3.27476
2.66212
2.7516
3.21861
3.21861
2.02906
2.02906
2.02906
2.2159
1.94461
1.87884
1.87884
1.5124
1.07812
1.1215
1.1215
1.1215
1.1215
1.1215
1.1215
2.51262
2.53719
2.53719
2.53719
2.29854
2.54925
2.80635
2.80635
2.80635
3.00558
3.29164
3.41317
3.29879
2.74486
2.74486
2.74486
2.74486
2.74486
2.74486
2.50624
2.50624
2.25074
1.68905
1.02822
1.02822
0.706145
0.726742
0.726742
1.07049
1.07049
1.07049
1.00239
1.19276
1.19276
0.963349
0.963349
1.38709
1.83276
1.83276
1.20679
1.20679
1.20679
1.20679
1.41447
1.41447
1.41447
1.41447
1.17595
1.17595
1.17595
1.42525
1.42525
1.42525
1.42525
1.42525
2.24168
2.24168
2.24168
2.17629
2.17629
2.17629
2.17629
1.32495
1.32495
1.30099
2.18197
2.61378
3.08563
2.51935
2.51935
2.1384
2.54413
2.96281
2.46707
2.46707
2.46707
1.66425
1.87239
2.257
2.25896
2.25896
1.67407
2.23097
2.23097
2.23097
3.19623
3.21361
2.60362
2.57846
2.85049
2.85049
1.87571
2.35401
2.11408
2.50978
2.50978
2.55568
2.77779
2.77779
2.77779
2.77779
3.30408
3.23672
2.25328
2.79135
3.11743
2.12893
2.43577
2.43577
2.30429
2.43459
2.84628
2.84628
3.07653
2.97851
2.97851
2.97851
3.8987
3.8987
3.59393
3.59393
3.59393
2.87339
2.8064
2.8064
3.17687
3.17687
3.17687
3.1401
4.43249
4.43249
4.7477
4.82125
4.31876
5.33212
5.33956
5.05802
5.05802
5.05802
5.05802
4.71542
3.9002
4.10011
4.26502
4.52594
4.52594
4.52594
4.52594
5.55631
6.36433
5.87739
5.02407
5.02407
5.60589
5.07081
4.80513
5.32013
5.32013
4.74649
4.74649
4.67376
4.48948
3.78614
3.78614
4.29546
3.41126
3.41126
3.61407
3.61407
3.61407
3.63735
3.63735
4.18158
3.57747
4.02704
4.04982
4.04982
3.62858
3.62858
2.24414
2.24414
3.14535
3.14535
3.14535
3.14535
3.14535
3.14535
3.14535
2.74489
3.00441
2.23702
1.99398
1.99398
1.99398
1.99398
1.9306
1.9306
1.9306
2.55877
2.55877
2.05501
1.93255
1.80799
1.80799
1.80799
1.73681
2.21222
2.17187
1.46053
0.977331
0.977331
0.977331
0.318556
0.318556
0.318556
0.318556
0.856586
1.928
1.928
1.928
1.55446
2.22019
1.36963
0.802865
0.802865
0.802865
1.25651
1.25651
1.25651
1.25651
1.29591
0.673835
0.853031
0.853031
0.853031
1.11169
1.2569
0.471786
0.471786
0.471786
0.471786
0.471786
0.471786
0.900554
0.605429
0.605429
0.605429
1.26701
1.92863
2.37859
2.11807
1.30077
1.04954
1.04954
0.819515
0.819515
0.819515
0.819515
0.819515
0.819515
0.839418
0.839418
0.839418
0.839418
1.13617
0.63105
0.63105
0.630699
0.630699
0.61265
0.61265
0.61265
0.61265
0.61265
0.61265
0.61265
0.61265
0.805839
0.481966
0.481966
0.481966
0.481966
0.730124
0.840938
1.21066
1.33727
1.80104
1.80104
1.8475
1.8475
1.81525
1.81525
1.81525
1.48839
1.78189
1.78189
1.57341
1.57341
1.57341
1.92731
1.35025
1.06879
1.06879
1.06879
1.06879
0.703105
0.773774
0.773774
0.773774
0.773774
0.773774
0.773774
0.859957
0.859957
0.859957
0.859957
1.27783
1.34345
1.20544
0.839392
0.839392
0.839392
1.09101
0.854296
1.35553
0.995224
0.995224
0.995224
1.04344
1.41106
0.6905
0.6905
0.6905
0.6905
1.4253
1.22785
1.8342
1.8342
1.8342
2.17701
2.52133
2.52133
1.97668
1.97668
1.4373
1.69946
2.28841
2.98447
2.98447
2.92399
3.44872
3.44872
3.03995
2.5091
2.16542
2.16542
2.16542
2.16542
2.94872
2.94872
2.63168
2.05694
2.49818
3.07229
2.86579
2.54289
2.52151
1.96298
2.46992
2.53208
2.53208
2.24102
2.1622
2.11185
1.78805
1.78805
1.78805
1.78805
2.31308
2.31308
2.31308
2.31308
1.59544
1.04565
0.973925
0.973925
0.715121
0.715121
1.14584
0.456742
0.456742
1.35018
1.35018
0.742359
0.742359
0.742359
0.742359
0.680385
0.702848
0.702848
0.702848
0.702848
0.598809
1.30884
1.30884
1.11279
1.11279
1.11279
0.670087
0.670087
0.670087
1.51439
1.57739
2.3133
2.3133
2.31368
1.60277
2.1058
2.18402
2.18402
1.11007
1.37942
1.37942
1.37942
0.947408
0.539882
0.539882
0.62947
1.53062
1.53062
1.53062
1.53062
2.60827
2.60827
2.63175
3.05873
3.05873
3.05873
3.05873
2.68026
2.90568
1.69021
1.69021
1.69021
1.68967
1.68967
1.68967
2.75907
2.75907
3.32178
3.1483
2.34773
2.34483
2.34483
2.53112
2.64722
3.02086
2.81864
1.96306
2.12567
2.12567
2.12567
2.12567
1.67479
1.45298
1.45298
1.1069
1.1069
1.1069
1.1069
1.67795
1.05677
1.05677
1.05677
1.05677
1.05677
1.05677
1.05677
1.05677
1.05677
1.05677
1.05677
1.42177
1.42177
1.42177
1.03708
1.03708
1.03708
0.987117
0.518227
0.518227
0.518227
0.518227
0.797857
0.797857
0.690094
0.690094
0.690094
0.690094
0.690094
0.819491
0.819491
0.199576
0.199576
0.199576
1.54453
1.49076
2.28504
2.30159
2.81887
3.58996
3.73861
3.73861
4.11451
3.51462
3.51462
3.29709
3.56219
2.80486
3.06513
3.22785
3.22785
2.59488
2.59488
2.59488
2.79171
2.49023
2.13663
2.37625
2.0251
2.0251
2.02482
2.02482
2.02482
2.13275
2.20209
2.06011
1.72258
1.72258
1.72258
1.65186
1.65186
1.65186
1.65186
1.65186
1.65186
0.838145
1.01667
0.432963
0.432963
0.537904
0.672173
0.672173
0.672173
0.672173
0.672173
0.947788
0.98579
0.98579
0.553223
0.553223
0.500182
0.500182
0.500182
0.500182
0.500182
0.500182
0.500182
0.500182
0.500182
0.500182
0.500182
0.727752
0.727752
0.727752
0.727752
0.727752
0.727752
0.727752
0.9239
0.9239
0.9239
0.975751
0.967463
0.967463
0.967463
0.967463
0.870935
0.870935
0.870935
0.870935
0.870935
0.870935
0.870935
0.693463
0.836867
0.574467
0.574467
0.847815
1.09416
1.09416
1.09416
1.4067
0.774988
0.843298
0.843298
0.723092
0.723092
0.723092
0.723092
0.723092
0.715294
0.631574
0.631574
1.1071
1.1071
0.79595
0.785274
0.714864
0.714864
0.714864
0.714864
0.714864
0.775118
0.775118
1.63294
1.92069
1.95814
2.07419
2.07419
2.07419
2.07419
2.07419
1.90498
1.97363
1.04447
0.915989
1.04368
1.04368
0.83217
0.949437
1.16616
1.16616
1.16616
1.07115
2.31818
2.31818
1.76482
1.76482
1.76482
2.22925
1.70492
1.70492
1.66487
1.60497
1.60497
1.23019
1.23019
1.23019
1.23019
1.23019
1.23019
1.2888
1.2888
1.2888
1.2888
1.2888
0.692419
0.692419
1.84566
0.988913
0.988913
0.988913
0.988913
0.988913
0.988913
0.649242
0.660128
1.10351
1.8171
2.72946
2.9849
2.9849
2.9849
2.9849
2.58229
2.58229
2.54011
1.40403
1.73089
1.22227
1.22227
1.22227
1.22227
1.22227
1.18065
1.87979
1.852
1.53189
1.53189
1.53189
1.53189
2.20099
2.20099
1.86945
1.86945
1.86945
1.51679
1.51679
1.51679
1.51679
1.51679
1.51679
1.07339
1.07339
2.24798
2.24798
2.90772
2.90772
2.28707
2.06821
2.60286
2.60286
3.10471
3.10471
2.35874
1.60372
1.88833
1.88833
1.88833
1.88833
1.88833
2.1842
2.1842
2.29243
2.29243
1.61979
1.61979
1.61979
1.61979
1.61979
1.61979
2.5894
2.47269
2.71608
2.71608
2.42734
1.8112
2.02333
2.00833
1.92205
1.92205
1.92205
1.93721
2.00289
2.00289
0.956903
0.709139
0.709139
0.709139
0.709139
1.38746
1.38746
1.38746
1.38746
1.38746
1.38746
2.1427
2.23345
1.61059
1.61059
2.02947
2.02947
2.02947
2.02947
1.82119
1.82119
1.03735
1.03735
1.03735
1.03735
1.03735
1.03735
2.29461
1.96115
1.96115
1.32968
1.32968
2.0283
1.71967
1.97803
1.97803
1.54562
1.54562
2.16119
1.92468
2.23226
2.23226
2.23773
2.23773
1.62003
1.62003
1.62003
1.61049
1.61049
1.61049
1.61049
0.652401
0.652401
0.766817
0.766817
0.766817
0.698309
0.464106
0.464106
1.14484
1.14484
1.14484
1.29835
2.02927
2.02927
1.29021
0.858602
0.858602
0.858602
1.28146
1.28146
1.28146
2.16093
2.01145
2.01145
2.38679
2.38679
1.64123
1.73674
1.74856
1.83431
1.48476
1.48476
0.41249
0.41249
0.41249
0.41249
0.41249
0.41249
1.21202
1.21202
1.21202
1.21202
1.21202
1.40785
1.62337
1.81569
0.807094
0.807094
0.807094
0.807094
0.807094
1.36046
1.36046
1.36046
1.36046
1.36046
1.36046
1.36046
1.36046
1.36046
1.25667
1.25667
1.50199
1.27306
0.518302
0.518302
0.518302
0.518302
1.88505
1.97217
1.01441
1.01441
1.12012
1.51993
1.51993
1.51993
1.55215
1.55215
1.55215
1.33907
1.35819
1.35819
1.74729
1.55519
1.9658
1.10442
1.32955
1.63898
1.63898
0.316712
0.316712
1.34801
1.34801
1.2846
1.2846
1.49625
1.49625
1.49625
1.49625
1.49625
1.88312
1.88312
1.88312
0.988777
0.988777
0.988777
0.988777
1.13832
1.13832
1.13832
0.436777
0.436777
0.436777
0.436777
0.436777
1.38883
1.38883
1.48646
1.48646
1.47772
1.1246
1.1246
1.1246
1.11269
0.893054
1.67186
0.363282
0.363282
1.07447
0.74034
1.0666
0.660903
0.920093
0.920093
0.920093
0.519876
0.519876
1.19946
1.39319
2.68482
2.68482
2.68482
2.68482
2.68482
2.68482
2.68482
1.88564
1.88564
1.88564
1.88564
1.5013
1.16973
1.16748
1.16748
1.46611
0.118505
0.118505
0.118505
0.118505
0.118505
0.118505
0.118505
0.118505
0.378727
0.378727
0.378727
0.378727
0.378727
1.08199
1.08199
0.509373
1.54075
0.531746
0.531746
0.776905
0.776905
0.776905
0.776905
0.776905
0.776905
0.776905
0.776905
0.776905
0.776905
0.416085
0.416085
0.812285
0.812285
0.812285
1.64197
1.64197
1.64197
1.80623
1.39976
1.39976
1.59057
1.45511
1.80097
1.80097
2.91239
3.43118
3.10463
3.10463
3.10463
3.10463
3.10463
3.22863
3.22863
4.0639
3.12183
2.67986
2.67986
1.97677
2.15942
2.07577
1.9595
1.59162
2.70569
2.30385
2.30385
2.07816
2.07816
2.68569
2.68569
3.12297
2.87116
2.2508
1.41728
1.41728
1.41728
1.41797
1.41797
1.41797
1.41797
1.41797
1.54282
1.54282
1.54282
1.54282
1.29454
1.29454
1.29454
1.29454
1.37854
1.37854
1.37854
1.27227
2.67041
2.33203
1.66766
0.91295
0.91295
0.375583
0.375583
0.375583
1.06927
1.29424
0.696857
1.04449
1.04449
2.12179
2.88312
2.88312
2.80463
2.59218
2.81838
2.63122
2.63122
2.63122
2.63122
1.83177
1.9563
2.4491
2.4491
2.7316
2.7316
2.73438
2.73438
2.73438
2.73438
2.73438
3.01929
2.47671
1.50291
1.50291
2.16903
2.16903
1.94788
1.31946
2.32949
1.31662
1.31662
1.31662
1.20609
1.20609
1.09818
1.73471
1.73471
2.31155
3.15198
1.94481
2.22833
1.86396
1.86396
0.709872
1.25744
0.345028
0.345028
0.345028
1.69289
0.431595
0.90221
0.90221
0.90221
0.90221
0.90221
0.90221
1.61394
1.73966
1.41888
1.23051
0.588738
0.68341
1.14103
1.60386
0.812227
0.812227
1.62187
1.62187
2.35659
2.35659
2.48453
2.55898
2.38912
2.38912
2.38912
3.28798
3.28798
3.19223
3.19223
2.7313
2.7313
2.7313
2.20657
2.32291
2.85372
2.85372
2.34341
2.53691
2.37964
2.37964
1.84668
2.02028
1.70968
0.892303
1.21337
1.21337
1.21337
1.21337
1.15542
1.15542
1.48763
0.992576
0.992576
0.992576
1.19231
1.54717
1.54717
0.938709
0.938709
0.938709
0.938709
2.22252
2.22252
2.08564
2.31056
2.16741
2.16741
2.15739
1.84606
1.84606
1.84606
1.84606
1.82376
1.82376
1.04249
1.04249
0.888193
0.888193
0.888193
0.991679
1.659
1.08851
1.08851
1.08851
1.08851
1.08851
1.08851
1.95304
2.16493
2.81611
2.02576
0.769587
0.864152
0.864152
1.87082
2.08095
2.88543
3.08958
2.23386
1.7585
1.7585
1.7585
1.7585
2.86643
3.26606
3.3661
3.86738
3.86738
3.76133
4.06768
3.91742
4.33676
4.33676
4.00799
4.00799
4.00799
4.27576
4.07659
4.07659
4.42675
4.42675
3.05806
3.05806
3.21697
2.66679
2.66679
2.23909
2.34243
2.49546
2.49546
2.36971
2.36971
1.05095
1.05095
1.75766
1.75766
2.48294
2.07993
2.44152
2.44152
2.60596
1.9982
0.928442
1.02794
1.02794
1.02794
1.02794
0.707344
0.707344
0.707344
0.707344
0.707344
0.707344
0.707344
1.14427
1.14427
1.14427
1.55655
2.26962
1.81533
1.81533
1.04834
1.04834
1.04834
1.04834
1.04834
1.04834
1.04834
1.04834
1.04834
1.14243
1.14243
1.14243
0.823251
0.823251
1.42313
2.05452
2.29192
2.29192
2.29192
1.91713
1.91713
2.36644
2.34283
3.24301
3.08606
2.8674
2.69474
2.51847
2.51847
3.0854
2.14237
2.15172
2.20214
2.20214
2.56248
2.56248
1.87832
1.87832
1.94322
1.94322
2.24662
3.17514
2.2742
1.39948
1.39948
0.55561
0.55561
0.774912
0.774912
0.774912
0.774912
1.14751
0.972574
0.972574
1.86459
1.86459
1.91604
1.91604
2.1775
1.41236
1.89458
1.89458
1.89458
2.45026
2.45026
2.80975
2.58564
2.58564
2.58564
3.04988
3.04988
2.67767
2.05544
2.05544
1.71962
1.71962
1.86941
0.740773
0.740773
1.84942
1.74835
1.74835
1.48504
1.48504
1.48504
0.926251
1.11288
1.11288
1.11288
1.11288
1.58613
1.58613
0.824887
1.08682
1.08682
1.08682
0.67737
0.67737
0.67737
1.41987
1.66926
2.10902
2.10902
2.10902
2.10902
1.57448
1.57448
1.57448
1.57448
0.998171
0.998171
0.998171
0.998171
0.998171
0.998171
0.998171
0.699849
1.40143
1.40143
1.40143
1.40143
0.8056
0.8056
0.8056
0.8056
1.22796
1.22796
1.22796
1.22796
1.53747
2.11296
1.84433
1.84433
1.84433
1.48979
1.48979
0.877997
0.877997
0.682529
1.40885
1.32821
1.69477
1.26686
1.26686
1.26686
2.32896
0.735544
0.735544
0.607732
1.00552
1.00552
1.01743
1.26645
1.26645
1.26645
1.26645
1.39975
1.18692
2.37968
2.60626
1.83111
1.83111
1.83111
1.83111
1.42612
1.22415
1.47535
1.47535
1.33279
1.57008
1.57008
1.06521
1.06521
1.05856
1.05856
1.5552
1.60264
1.60264
1.08732
1.7412
1.85689
1.85689
1.85689
1.05308
1.20338
1.20338
1.42614
1.42614
1.56513
1.56513
1.56513
0.832249
0.978327
0.978327
0.924038
0.924038
0.953972
0.953972
0.953972
0.509397
0.509397
0.509397
1.03224
1.70031
1.25716
1.10375
1.30672
0.996109
0.947686
0.947686
0.947686
0.947686
0.749031
0.749031
0.61255
0.61255
0.61255
0.61255
0.61255
0.788914
0.954853
0.954853
0.954853
0.602445
0.602445
0.602445
0.925701
0.925701
0.807626
0.807626
0.807626
1.50344
1.50344
1.16368
1.16368
1.48535
1.32094
1.32094
1.32094
1.32094
0.738715
0.738715
0.738715
0.653815
0.653815
1.27468
1.27468
1.46427
1.7419
2.8759
3.65267
2.705
1.71897
1.5844
0.704592
1.36272
1.35809
1.44335
2.303
2.8781
2.8781
1.6574
1.6574
1.6574
2.34641
2.34641
2.32513
2.32513
2.50861
2.90504
2.76127
2.41667
2.289
2.21408
2.21408
1.64232
1.58377
1.58377
1.58377
1.58377
1.82969
1.19012
1.98222
2.43396
1.72489
2.15465
2.17371
2.13505
1.30801
2.28629
1.53459
1.53459
1.53459
0.893387
0.954212
0.954212
0.954212
0.954212
0.954212
0.954212
1.21788
1.07817
1.07817
0.550478
1.1891
1.1891
1.42398
1.42398
1.42398
1.42398
1.42398
1.42398
2.70953
2.01121
2.01121
1.51094
1.51094
1.51094
1.51094
1.43045
1.46083
1.05788
1.05788
0.68354
0.590922
0.488817
0.488817
0.728878
0.330691
0.330691
0.330691
0.330691
0.330691
0.330691
0.330691
0.998257
0.998257
0.621467
0.841756
0.848194
1.3393
0.99451
1.4479
1.10336
1.35112
2.41497
2.10856
1.88382
2.24492
2.72356
2.72356
3.3899
2.8849
2.8849
2.8849
2.00364
2.01325
1.81002
1.77618
1.24628
1.3282
1.3282
1.3282
1.06209
1.01308
1.01308
1.01308
1.1263
1.1679
1.1679
1.75522
1.53546
1.47621
1.47621
1.47621
1.14301
0.627147
0.627147
0.627147
0.627147
0.90691
0.90691
1.60448
1.60448
1.60448
1.60448
1.60448
1.60448
1.45255
2.04629
2.45158
2.45158
2.87338
2.20999
1.54278
1.80185
1.80185
1.15459
1.15459
1.15459
0.82931
0.82931
0.558305
0.558305
0.834385
0.834385
1.49898
1.03648
1.03648
1.03648
1.03648
1.03648
1.03648
1.44427
1.44427
1.53932
1.0542
1.0542
1.0542
1.0542
1.46064
1.19295
1.19295
1.38658
1.38465
1.38465
1.7377
1.7377
1.7377
2.11066
1.93312
1.93312
1.02943
1.02943
0.410238
0.410238
0.410238
0.410238
0.410238
0.410238
0.410238
0.410238
0.410238
0.410238
0.410238
0.410238
0.410238
0.410238
0.410238
0.410238
0.410238
0.410238
0.410238
0.410238
1.33924
0.648332
0.727088
0.727088
0.727088
0.727088
0.727088
0.727088
1.11306
1.11306
1.11306
1.11306
0.433228
0.433228
0.441422
0.860909
1.3783
0.422837
0.422837
0.422837
0.732899
0.732899
0.732899
0.732899
0.75947
0.899233
1.10098
1.86149
2.06742
2.57264
3.0778
3.95194
3.95194
3.18386
2.97223
2.97223
2.97223
3.46207
3.1676
2.88323
2.40072
1.69059
1.69059
2.16584
2.32893
2.32893
2.18772
2.0814
2.29345
2.94697
2.87681
2.96551
2.96551
2.78041
2.80275
3.3466
3.3466
3.3466
3.58747
3.53207
3.53207
4.06716
3.24779
3.34656
2.4539
2.4539
2.4539
2.4539
1.45207
1.45207
1.13141
1.13141
0.967215
0.967215
0.967215
0.967215
1.60046
1.50541
1.50541
1.50541
1.50541
1.33973
1.33973
1.0103
1.25992
1.25992
2.06131
2.06131
1.06921
0.951209
0.746494
1.12344
1.12344
0.737077
0.737077
0.737077
0.737077
0.737077
0.737077
0.737077
0.737077
0.737077
0.784018
0.784018
0.784018
0.784018
0.784018
0.784018
0.784018
0.83355
0.83355
0.83355
1.20818
1.06773
1.19863
1.45235
1.53513
1.50247
1.50247
1.41275
1.41275
1.34106
2.13777
2.13777
2.88677
3.63813
3.31618
3.21624
1.7569
1.7569
1.34681
1.34681
0.981512
0.981512
0.266187
1.35669
1.35669
1.35669
1.91563
2.96098
1.96896
1.96896
1.96896
1.96896
1.42144
1.57109
1.50799
1.50799
1.50799
1.50799
2.47605
2.45364
2.45364
1.72298
1.05421
1.05421
0.618868
0.618868
0.618868
0.618868
1.32245
1.32245
1.0653
1.0653
1.0653
1.0653
1.25934
1.25934
2.38524
2.23135
2.23135
1.57962
1.57962
1.52502
1.3511
0.430913
0.430913
0.430913
1.32281
1.13468
2.34358
2.48502
2.70136
2.47053
2.47053
2.47053
2.43921
2.06097
1.92123
1.92123
2.14179
2.14179
2.70988
1.8673
1.8673
2.28017
0.937172
0.937172
1.56839
1.56839
1.33181
1.33181
1.33181
2.2317
1.89855
1.84156
1.33041
1.49413
2.05321
1.77969
1.77969
1.77969
1.77969
1.77969
2.85282
3.24043
3.24043
3.20383
3.20383
4.26999
3.8574
3.98332
2.79938
2.31185
1.08999
1.08999
1.08999
1.10619
1.10619
1.10619
1.2749
1.14331
1.26552
1.26552
0.762642
0.762642
0.762642
0.762642
0.762642
1.45809
1.45809
1.76892
2.35447
1.83707
1.862
2.68886
2.68886
2.68886
2.68886
2.68886
1.77315
1.9989
1.9989
1.9989
1.83445
1.83445
1.02045
0.487904
0.487904
0.487904
0.487904
0.803136
0.704973
0.704973
0.799793
0.799793
0.954129
0.954129
0.954129
0.773235
0.773235
0.878853
0.878853
0.878853
0.878853
0.878853
0.878853
0.878853
0.878853
0.261505
0.261505
0.261505
0.261505
0.261505
0.261505
0.261505
0.261505
0.261505
1.28454
1.28454
1.28454
1.21182
1.21182
1.26565
1.60004
1.60004
1.258
1.63841
1.63841
1.46548
1.46548
1.46548
1.46548
0.847221
0.847221
0.441547
0.441547
0.441547
1.48735
2.74492
2.30759
1.35624
1.35624
1.35624
1.35624
1.35624
0.785155
1.14169
1.14169
2.10343
2.10343
2.10343
1.80972
1.4038
1.4038
0.774286
0.774286
0.613062
0.613062
0.239198
0.239198
0.851581
1.19661
0.850313
0.850313
0.850313
0.97588
0.978592
0.978592
0.978592
1.69352
1.69352
1.69352
1.69352
1.69352
1.69352
1.88894
1.88894
1.88894
2.59747
2.59747
2.59747
2.59747
2.64272
2.23365
2.23365
2.54271
2.84721
2.64339
3.20453
3.20453
3.20453
3.20453
2.88513
2.65759
2.65759
2.63794
2.14407
2.14407
2.14407
2.14407
2.14407
1.92031
1.92031
1.36441
1.6805
1.6805
2.47745
3.09167
1.88114
1.88114
0.845781
0.845781
0.735102
1.38115
1.38115
1.87432
1.87432
1.38175
1.38175
1.15541
1.15541
1.15541
1.24856
0.638042
0.638042
0.638042
0.925118
0.925118
1.77504
3.14134
2.56108
2.56108
1.7628
1.96335
1.80966
1.73701
1.27695
1.28987
2.43155
2.43155
2.70143
1.47526
0.996464
1.40777
1.40777
1.40777
2.19039
2.19039
1.28143
1.39458
1.39458
1.03725
1.41495
1.4562
1.86839
2.34023
2.3295
2.64993
2.68272
1.88304
1.88304
2.28937
1.04181
1.04181
1.60109
1.60109
1.78818
1.78818
1.85617
1.85617
1.85617
1.85617
1.70814
1.70814
1.03294
1.03294
1.35078
1.35078
1.35078
1.35078
1.37714
2.06827
2.06827
2.25041
2.25041
2.66143
1.72824
1.72824
1.72824
1.72824
1.72824
1.72824
1.72824
1.82317
1.82317
1.82317
2.24467
2.3738
2.1263
1.92429
1.21077
1.13321
1.13321
1.13321
1.6084
1.6084
1.4739
1.4739
1.4739
1.4739
1.4739
1.4739
2.17453
2.17453
1.93162
1.55858
1.55858
1.55858
1.55858
0.919732
1.29945
1.98555
1.98555
2.5321
2.5321
2.63539
2.37026
2.37026
2.37026
2.37026
2.24429
2.61623
3.19411
3.19411
2.95421
3.66018
3.61838
3.96961
3.96961
3.96961
3.96961
3.69009
3.40325
3.10864
4.28194
4.28194
3.86539
3.2356
2.4996
2.4996
2.01953
1.38981
1.38981
1.38981
1.27693
1.27693
1.05532
1.05532
1.58952
1.58952
1.87595
1.87595
2.03489
2.03489
1.95049
1.37385
1.05692
0.847893
0.847893
0.847893
1.39727
1.39727
1.39727
1.39727
1.39727
1.31383
1.31383
1.31383
1.47345
1.28059
1.09672
0.325911
0.325911
0.325911
0.325911
0.325911
1.07761
0.840075
1.46773
0.790032
0.790032
1.25272
1.54154
1.54154
1.84575
1.88897
2.92822
2.46699
2.46699
2.46699
2.46699
3.73344
3.3158
3.3158
3.3158
3.53569
4.06529
4.65742
4.72407
5.01626
5.01626
5.01626
3.92187
3.45476
3.39486
3.21055
2.72666
2.72666
3.28207
2.24485
2.05082
1.97835
1.62761
1.62761
1.45612
1.63065
1.06276
0.697311
0.697311
1.28003
1.36706
0.608823
0.608823
0.608823
0.56822
0.56822
0.56822
0.56822
0.56822
0.805649
0.805649
0.805649
0.805649
0.805649
0.850616
0.377323
0.377323
0.377323
0.377323
0.562271
0.562271
0.857655
0.154505
0.154505
0.154505
0.154505
0.154505
0.154505
0.154505
0.154505
0.154505
0.154505
0.154505
0.154505
0.154505
0.154505
1.35664
1.24978
1.45399
1.1658
1.1658
1.38113
1.38113
1.40714
0.975231
1.33668
0.914581
0.914581
0.914581
0.350889
0.655203
0.655203
0.44293
0.44293
0.856794
0.856794
0.98202
0.967562
1.25376
0.767215
0.767215
0.767215
0.767215
0.643719
0.643719
0.643719
1.59423
1.46141
1.51546
0.995878
0.995878
1.57046
1.57046
1.41068
0.626122
0.626122
0.626122
0.626122
0.626122
0.626122
0.626122
0.626122
0.626122
0.626122
1.29305
1.93496
1.93496
1.50756
1.50756
1.36077
1.66613
1.66613
2.2205
2.43733
2.43733
2.43733
1.58114
1.27016
1.27016
1.27016
1.09812
1.09812
1.09812
1.58336
1.21044
2.0075
2.0075
2.0075
2.0075
2.0075
1.59086
0.937145
0.937145
0.937145
0.937145
1.24097
1.32891
1.32891
1.32891
1.68374
1.68374
1.68374
1.68374
0.904444
0.904444
0.631845
1.01729
1.35819
1.14991
1.14991
1.14991
1.14991
1.14991
1.14991
0.74654
0.535123
0.535123
0.535123
0.535123
1.09721
1.09721
0.877825
0.877825
0.877825
0.877825
0.877825
0.877825
0.877825
1.11664
1.11664
1.11664
1.11664
1.11664
0.845557
0.845557
1.78361
1.78361
2.18885
1.82996
1.32131
1.32131
1.32131
1.32131
1.11211
1.11211
1.11211
1.01807
0.502845
0.502845
0.502845
1.36066
1.84484
1.26524
2.60977
2.33415
2.62182
3.09108
3.09108
3.23277
3.38283
3.07769
4.35803
4.37585
4.37585
5.38357
4.9139
4.78184
4.0262
4.0262
4.0262
3.05419
3.05419
2.58087
3.16061
3.16061
2.05218
1.74279
2.02436
2.02436
2.02436
1.76128
2.25126
1.35061
1.35061
1.22485
1.06234
1.06234
1.06234
1.06234
0.983659
0.983659
0.983659
0.983659
0.93473
1.0378
1.31102
1.31102
1.31102
1.31102
0.857811
0.999785
0.937374
0.817905
1.13653
1.13653
1.13653
1.13653
1.32172
1.37337
1.37337
1.37337
1.81078
2.87611
2.87611
2.87611
1.67966
1.67966
1.28899
1.28899
1.28899
1.0584
1.0584
1.0584
1.0584
1.0584
1.92122
2.05603
2.05603
2.83722
2.45067
2.45067
2.45067
2.45067
1.41909
1.49077
1.49077
1.49077
1.49077
1.49077
1.49077
1.17916
1.17916
0.934102
1.9416
0.631561
0.631561
1.09618
1.09618
1.22146
1.01631
1.01631
0.954162
0.966516
0.966516
0.966516
1.45908
1.69669
2.13621
2.93357
2.93357
2.98386
2.98386
3.52549
2.67213
2.07628
2.07628
2.2491
2.2491
2.2491
2.2491
2.2491
1.92934
1.72338
1.613
0.660154
0.967809
0.704932
0.704932
1.47732
0.722226
0.722226
0.722226
0.701613
1.05629
1.33884
1.72115
2.14457
1.97622
1.97622
1.84387
1.84387
1.84387
1.68871
1.68871
2.24401
2.24401
2.54132
2.54132
2.78021
2.9396
2.9396
3.06314
2.93384
2.93384
2.60696
2.22323
2.32533
2.32533
2.32533
2.32533
2.40666
1.32149
1.50367
1.75873
0.840333
0.840333
0.840333
0.840333
0.840333
0.840333
0.884873
0.625389
0.625389
0.625389
1.75932
2.14797
1.73112
1.73112
1.75432
2.01928
2.01928
1.96222
1.11948
1.11948
1.24595
1.40289
1.12634
1.12634
1.12634
1.12634
1.96892
1.96892
1.96892
1.96892
2.72093
2.72093
2.72093
2.1995
1.17498
1.02759
1.02759
0.878937
0.878937
0.878937
0.529093
0.529093
0.529093
0.529093
0.529093
0.529093
0.529093
1.14212
1.14212
1.14212
1.14212
0.639368
0.639368
0.639368
0.639368
0.825922
0.825922
1.55439
1.55439
1.68045
1.63789
2.16446
2.16446
2.23814
2.23814
1.431
1.431
1.431
0.438693
0.560196
0.560196
0.560196
0.560196
0.560196
0.6641
0.6641
0.459202
0.459202
0.459202
0.459202
0.702928
0.87064
0.87064
0.878687
0.878687
0.878687
0.878687
0.878687
0.659068
0.659068
0.659068
0.845491
0.845491
0.845491
0.845491
0.845491
0.845491
0.845491
0.845491
0.75312
0.75312
1.77587
1.76529
1.76529
1.76529
1.76529
1.1135
1.1135
0.692111
0.747878
0.747878
0.747878
0.747878
0.747878
0.747878
0.747878
0.747878
0.949788
1.06576
0.324358
0.884815
0.614512
0.3112
0.3112
0.3112
0.3112
0.3112
0.3112
0.3112
0.3112
0.3112
0.3112
0.3112
0.3112
0.3112
0.3112
0.3112
0.3112
1.18557
1.18557
0.641738
0.455043
0.649765
0.912074
0.912074
1.57683
1.31921
1.31921
1.31921
1.15783
1.53986
2.19406
3.02693
3.02693
3.02693
2.27242
2.27242
2.27242
3.55277
3.55277
3.48205
4.71431
4.71431
4.8095
4.8095
4.8095
4.8095
4.86456
4.70458
5.14429
5.14429
5.63087
5.51793
5.51793
5.23122
5.01843
4.84499
3.50427
3.23299
3.23299
3.02211
2.19951
0.804509
0.804509
1.16305
1.10237
0.500082
0.500082
0.500082
0.882209
0.882209
0.882209
0.882209
0.882209
0.496083
0.496083
0.496083
0.496083
1.43593
1.43593
1.11382
0.895268
0.891043
0.520753
0.520753
0.520753
0.520753
0.520753
0.520753
0.520753
0.520753
0.520753
0.520753
0.520753
0.520753
0.520753
0.520753
0.520753
0.520753
0.549533
0.549533
0.549533
1.02516
1.02516
0.793524
0.793524
0.793524
0.793524
0.793524
0.793524
0.919968
1.26681
1.26681
1.3335
1.3335
1.3335
1.3335
1.3335
0.630535
1.63852
0.505659
0.505659
0.505659
0.505659
0.522414
0.557056
0.557056
1.6032
1.6032
1.82982
2.13616
2.13616
3.07796
2.17884
2.37036
1.63174
1.71575
1.71575
1.94066
2.37864
1.27947
2.16768
2.65353
2.27146
1.46913
1.46913
1.46913
1.12223
1.12223
1.12223
1.12223
1.12223
1.44229
1.05721
1.16435
1.16435
1.16435
1.16435
1.17787
1.90705
1.90705
1.96326
1.96326
2.01625
1.52181
0.951129
0.890669
1.11954
0.896117
0.896117
0.896117
0.837333
0.837333
1.43243
1.43243
1.40056
1.40056
2.16779
2.16779
2.04809
3.4846
3.40029
3.40029
3.40029
3.85328
3.85328
3.13703
3.13703
3.13703
3.13703
3.13703
3.13703
3.13703
3.92545
3.47972
2.8099
1.38013
1.38086
1.81914
2.1357
2.55229
2.98605
2.9766
2.9766
2.69484
2.78693
2.56155
2.89811
2.89811
2.89811
2.70058
3.28886
2.97546
2.97546
2.97546
2.62934
2.6003
2.43597
2.31525
2.27761
2.88655
3.04326
2.76859
2.89236
3.13863
3.13863
2.82736
2.82736
2.82736
2.82736
2.84613
3.01978
3.45649
3.67146
3.67146
3.38162
3.38162
3.75205
3.45479
3.54768
3.74573
4.03518
3.09409
3.07875
2.0182
2.0182
2.0182
2.0182
2.0182
2.91039
2.91039
2.91039
3.11098
3.11098
3.11098
2.52528
2.52528
1.38844
1.38844
1.38844
1.11134
1.11134
1.29726
1.29726
0.800737
0.800737
0.800737
0.800737
0.800737
0.970901
1.01597
1.01597
1.46864
1.46864
1.46864
1.46864
1.46864
1.78007
1.91859
1.91859
1.91859
1.45871
1.45871
0.598492
0.598492
0.722203
0.722203
0.722203
1.85855
1.85855
1.97706
2.061
2.061
2.71114
2.71114
2.55897
2.65025
2.31352
2.79017
1.61232
1.76069
1.07319
1.07319
1.68138
1.56316
2.13368
2.13368
1.98355
2.03103
2.26579
2.26579
2.26579
1.60141
1.60141
1.60141
1.87133
1.87133
1.29805
1.69009
1.69009
1.69009
1.53906
1.53906
1.53538
0.609433
0.609433
0.609433
0.354182
0.354182
0.807887
0.807887
0.807887
2.22502
2.22502
2.22502
2.86132
2.86132
2.13667
1.5018
1.5018
1.26601
1.45342
1.45342
1.85502
1.85502
1.85502
2.36237
1.71073
2.10721
1.15729
1.06217
1.06217
1.06217
1.06217
1.06217
1.06217
1.06217
1.3397
1.37515
1.77116
1.3431
1.42521
1.42521
1.42521
0.971961
1.16742
1.68701
1.40942
1.40942
1.94633
2.7856
2.64608
2.64608
2.64608
2.64608
2.58175
3.4683
2.8023
2.8023
2.96641
2.90441
1.90577
1.90577
1.33353
1.86394
1.71121
1.71121
2.06175
2.64306
3.05719
2.43358
2.45302
1.88909
2.31683
2.27781
2.32457
2.22883
1.51828
1.51828
1.51828
1.51828
1.38171
0.939816
0.939816
0.939816
0.69844
0.69844
0.69844
0.955626
0.955626
1.10603
0.303771
0.303771
0.303771
0.857367
0.840091
0.840091
0.840091
0.840091
0.870795
0.870795
1.62501
1.62501
1.62501
1.62501
2.1101
2.1101
2.6938
2.6938
1.84637
1.84637
1.84637
1.84637
1.84637
1.78137
1.54789
3.01018
3.01018
3.01018
1.71044
1.71044
1.47683
1.47683
1.20954
1.20381
0.764128
0.764128
0.764128
0.764128
0.764128
0.764128
0.387588
1.46034
0.72525
0.72525
0.72525
1.09705
1.11357
1.11357
0.700766
1.21854
1.45594
1.45594
1.53481
2.40051
2.40051
2.0901
2.57774
2.57774
2.14426
2.09343
1.26241
1.26241
1.82451
1.68832
1.90075
1.11973
1.11973
1.11973
1.00794
0.906658
0.906658
1.41181
2.47917
2.47917
2.92285
2.92285
2.38943
3.08017
2.32884
2.91096
2.91096
3.17318
2.76324
2.28003
2.28003
2.28003
2.28003
1.47128
1.18264
1.18264
1.18264
1.15732
0.57761
0.989935
0.989935
0.989935
0.989935
1.2503
1.29908
1.51062
1.51062
1.04558
1.04558
0.632865
0.632865
0.632865
1.58552
1.36319
1.16349
0.568302
0.569002
0.918933
0.918933
0.657596
0.657596
0.657596
0.657596
0.551209
0.551209
0.610304
0.610304
0.610304
0.610304
1.38283
0.135527
0.135527
0.135527
0.135527
0.135527
1.0455
1.0455
1.0455
1.0455
1.0455
1.3938
1.74439
1.74439
1.0334
1.0334
1.0334
1.11548
1.11548
1.67852
1.67852
1.67852
1.30914
1.30914
1.30914
1.30914
0.984628
0.84029
0.84029
1.83679
1.83679
1.83679
1.52962
0.799471
0.799471
1.46112
1.46112
1.37724
1.37724
0.416123
0.416123
0.416123
0.416123
0.416123
0.416123
0.416123
0.416123
0.416123
0.968455
0.614552
0.614552
0.614552
0.614552
0.614552
1.42631
1.42631
1.71708
1.71708
1.71708
1.71708
1.68219
1.2152
1.5855
1.87756
1.87756
1.31904
1.07956
1.07956
2.12165
2.12165
2.56171
2.56171
2.86296
2.86296
2.48529
2.48529
2.48529
2.48529
2.59676
2.22015
2.35275
2.79302
2.58449
2.62917
2.62917
2.62917
1.86656
2.19401
2.64
1.58637
1.58637
1.58637
1.07296
1.07296
0.24846
1.41151
1.21808
0.857395
0.857395
0.555578
0.555578
0.555578
0.586915
0.586915
0.586915
0.109574
0.109574
0.109574
0.109574
0.109574
0.109574
0.109574
0.109574
0.344092
0.82631
0.82631
0.82631
0.82631
0.82631
1.06956
1.06956
1.06956
0.882092
0.882092
1.25307
2.07564
2.07564
2.89864
3.29903
4.64961
4.52259
4.52259
4.10691
4.10691
2.94064
3.26663
3.41892
3.33305
3.33305
3.27061
3.27061
1.82688
1.82688
1.82688
1.82688
0.942603
0.954293
0.954293
0.954293
0.954293
0.954293
0.954293
0.870217
0.870217
0.947566
0.947566
2.01797
1.27031
1.46105
2.06882
1.80566
1.65445
1.65445
0.642185
0.642185
0.642185
0.642185
0.642185
0.642185
0.642185
0.642185
0.642185
0.642185
0.62268
0.62268
0.62268
0.62268
0.791969
0.791969
0.741173
0.741173
0.741173
0.741173
0.741173
1.43723
1.43723
1.43723
0.758329
0.758329
0.521848
0.521848
0.521848
0.521848
0.553768
0.932872
0.932872
1.30803
0.845963
0.845963
0.718704
0.718704
0.646822
0.646822
0.646822
0.646822
0.646822
1.67943
1.26459
1.26459
1.36586
1.36586
1.36586
1.45869
1.45869
1.45869
1.45869
0.989221
0.989221
0.989221
0.989221
0.989221
0.989221
0.989221
1.37022
1.37022
1.37022
1.25824
1.25824
1.13128
1.65042
2.25265
2.20627
2.20627
1.91026
1.91026
1.91026
1.57242
1.57242
1.57242
2.68545
2.73885
2.73885
2.73885
3.44264
3.50236
3.63395
3.63395
3.252
3.252
4.11443
3.60767
3.99574
4.44243
3.7688
4.27978
3.67305
3.35744
3.2773
3.2773
3.73532
3.73532
2.71434
2.41089
2.32471
2.99427
2.30187
3.48252
3.41799
3.17054
2.68856
2.4536
2.69745
2.58167
2.5932
2.70456
2.70456
1.85436
1.85436
1.85436
1.43124
1.43124
0.835872
0.835872
0.835872
0.835872
1.7044
1.87395
1.50953
2.05503
2.6201
2.647
2.647
3.06621
3.07953
2.80566
2.63325
1.61856
1.61856
1.61856
1.61856
1.61856
0.598793
0.598793
0.598793
0.598793
0.598793
0.598793
0.598793
0.913421
1.29182
1.04406
1.14418
1.85235
1.85235
1.2899
2.16783
2.78464
2.78464
2.8483
2.8483
2.34303
2.34303
2.56061
2.44241
2.31688
2.44456
1.84754
1.88423
1.88423
1.60167
3.25823
2.84673
2.24362
2.21797
1.56337
1.56337
1.56337
0.796327
0.796327
0.879551
0.879551
1.00306
1.00306
1.00306
1.00306
0.500904
0.500904
0.500904
0.500904
0.500904
0.898074
0.783349
0.783349
0.783349
1.38958
1.77889
0.927452
0.609883
0.609883
0.609883
1.0319
0.710898
0.710898
0.710898
0.945251
0.945251
0.951716
0.951716
0.517659
0.889563
1.06957
1.06957
1.06957
1.06957
1.06957
1.06957
1.06957
1.06957
1.06957
0.978428
0.978428
1.1055
1.1055
1.1055
2.28256
2.63534
1.7532
1.7532
0.802597
0.802597
0.802597
0.624451
0.624451
0.624451
0.624451
0.624451
0.624451
0.624451
0.624451
0.624451
0.624451
0.624451
0.624451
0.624451
0.624451
0.624451
0.998987
1.80586
1.69028
1.69028
0.74763
0.871453
0.744188
1.60661
1.2863
1.2863
0.797458
0.797458
0.774847
0.774847
1.62165
1.87193
1.86143
1.48903
1.67665
2.16896
2.0385
2.04898
2.19638
2.19638
1.07615
1.07615
1.13222
1.11466
1.11466
1.11466
1.11466
1.11466
1.11466
1.3594
1.67818
1.06025
1.07961
1.07961
1.07961
1.28005
1.35622
1.4747
1.4747
1.32579
1.32579
1.32579
1.41391
1.44704
1.44704
1.41293
1.41293
0.926644
0.926644
1.0247
1.60962
2.08133
2.33961
2.34425
2.3607
3.15424
2.0707
2.0707
2.02821
2.02821
2.02821
1.14209
1.14209
1.14209
1.85386
1.85386
1.64849
1.67313
1.67313
1.67313
2.38018
2.38018
1.87196
1.87196
1.85942
3.02987
3.02987
3.88133
3.5837
3.41937
3.41937
3.87257
3.47941
3.47941
2.90221
2.86877
2.5349
1.77691
1.77691
2.41585
3.25001
3.54051
3.54051
3.71477
3.5547
3.24891
3.77174
2.98412
3.37153
3.37153
3.37153
2.66952
3.11938
1.55346
0.922075
1.32167
0.773572
0.773572
0.773572
0.773572
0.773572
0.773572
0.773572
0.773572
0.773572
0.34326
0.34326
0.34326
0.34326
0.34326
1.21928
1.21928
0.891248
0.891248
0.891248
0.891248
0.883693
0.883693
0.883693
0.883693
0.883693
0.883693
0.883693
1.54126
1.54126
2.50682
2.50682
2.50682
2.34761
1.90393
1.90393
1.99059
1.99059
2.25185
1.49187
1.49187
1.06205
1.7626
1.7626
1.7626
1.7626
1.7626
1.85737
1.85737
1.64296
1.67619
1.67619
1.67619
1.67619
1.67619
1.67619
1.36785
1.36785
1.31653
1.31653
1.31653
1.31653
1.03571
1.02994
0.970841
0.970841
0.778484
0.778484
0.586637
1.59072
1.38934
2.2895
1.5008
1.5008
1.03046
1.03046
1.03046
1.03046
0.938749
0.938749
0.938749
0.938749
0.938749
0.938749
0.938749
0.938749
1.16082
1.16082
1.57822
1.57822
1.68884
1.68884
1.11346
0.883796
0.883796
0.883796
0.980626
0.980626
0.980626
0.980626
0.980626
0.980626
0.980626
0.980626
0.980626
1.81217
1.81217
0.728963
0.728963
0.798359
0.821954
0.821954
0.485299
0.485299
0.740552
0.740552
0.740552
0.785656
0.785656
0.785656
0.785656
0.785656
0.785656
0.69979
0.69979
0.69979
0.810186
0.611776
1.41485
1.41485
1.41485
1.61066
1.8235
2.11126
0.981418
0.981418
0.981418
1.72765
1.95441
2.056
1.96211
1.21476
1.21476
1.21476
1.30959
1.51202
1.51202
1.11302
0.801295
0.801295
1.54546
2.00557
2.00557
2.00557
2.00557
1.92881
2.04477
1.805
1.93719
2.09853
1.46498
1.46498
1.00736
1.17287
1.60587
1.60587
1.60587
1.60587
1.83276
1.83276
2.55155
2.55155
2.55155
2.72179
2.44754
2.08219
2.46129
2.56813
2.56813
2.71898
2.66908
1.85714
1.12957
1.23283
1.47196
2.11988
2.30171
2.15505
1.37745
1.37745
1.37745
1.37745
0.958467
1.01229
1.01229
1.01229
1.01229
0.95533
0.95533
0.95533
0.95533
0.95533
1.04681
1.04681
1.30401
1.28815
1.13036
1.68821
1.58597
1.58597
0.411373
0.411373
0.411373
1.32206
1.21111
1.21111
1.27227
1.2176
1.2176
1.91377
1.16982
1.16982
1.16982
1.16982
1.16982
1.16982
1.91251
1.972
1.69049
1.27904
0.76075
0.617735
0.617735
0.617735
0.617735
1.31384
2.20618
1.6809
1.6809
1.6809
1.03301
0.756873
0.756873
0.756873
0.643148
0.643148
0.996976
0.996976
0.996976
0.996976
0.996976
0.996976
0.623135
0.623135
0.608495
0.608495
0.608495
1.08168
1.12733
1.12733
0.719102
1.0224
1.0224
1.03467
1.03467
1.03467
1.03467
1.4773
0.700398
0.700398
0.700398
0.700398
0.700398
0.700398
0.700398
0.755493
0.484559
0.484559
0.484559
0.484559
0.484559
0.484559
0.484559
0.484559
1.38134
1.38134
1.38134
1.38134
0.796111
1.11597
1.19857
1.91804
1.47132
1.47132
0.877942
0.877942
0.946443
0.946443
1.17261
0.536333
0.536333
0.759758
0.694438
0.948932
0.948932
1.01814
1.00575
0.824408
1.40809
1.40809
1.40809
2.23145
2.23145
2.23145
2.23145
1.02331
1.21637
1.21637
1.58882
1.3384
1.3384
1.3384
1.25075
1.25075
1.27128
1.27128
1.27128
1.94382
0.904393
0.904393
1.13783
1.11106
1.11106
1.11106
1.9972
1.9972
1.61434
1.23646
1.23646
1.23646
1.23646
1.23646
0.7185
0.7185
0.387962
0.387962
0.766179
0.779663
0.139759
0.139759
0.139759
0.139759
0.139759
0.139759
0.613038
0.51223
0.51223
0.51223
0.51223
0.51223
0.51223
0.51223
0.665699
0.665699
1.29038
1.29038
1.27924
1.27924
1.07954
1.07954
1.1685
1.1685
2.28139
1.65234
1.37971
1.12482
0.545211
0.545211
0.716626
0.551575
0.551575
0.551575
0.704098
0.704098
1.43324
1.43324
1.2761
1.2761
1.06008
1.06008
0.59633
0.59633
1.23826
1.23826
1.23826
1.23826
1.68468
1.68468
1.42939
1.96728
2.46815
1.73104
1.73104
0.995703
1.04909
1.04909
1.04909
1.4662
1.01164
2.28559
2.12749
3.30958
3.30958
2.87872
2.87872
2.99426
3.26787
3.28602
3.47931
3.46221
3.1712
3.1712
3.1712
3.1712
2.74674
2.93122
3.08891
3.08891
2.6421
2.6421
2.6421
2.43852
2.43852
2.43852
2.43852
2.90318
2.55733
2.55733
2.55733
2.55733
2.55733
2.55733
2.36992
2.36992
2.36992
2.36992
2.36992
1.66982
1.66982
0.309647
0.309647
0.309647
0.309647
0.309647
0.309647
0.309647
0.309647
0.309647
0.309647
0.309647
0.309647
0.309647
0.309647
0.737589
0.737589
1.10604
0.609374
0.609374
0.679925
0.679925
0.679925
0.679925
0.760967
0.594528
0.594528
0.739383
0.739383
1.05965
1.05213
1.05731
0.842033
0.842033
1.64006
1.78304
1.78304
1.78304
2.05908
2.05908
2.1579
2.1579
2.1579
2.4181
2.4181
2.4181
2.4181
2.19344
2.19344
2.19344
2.19344
1.85484
1.85484
0.787689
0.787689
0.787689
0.787689
1.48959
0.595442
0.595442
1.33943
1.33943
1.18942
1.18942
1.18942
1.67284
1.67284
1.57024
1.57024
1.57024
1.48187
1.86496
1.62191
0.998868
1.80605
1.3555
1.3555
1.3555
1.55561
0.75078
0.75078
1.7246
1.7246
1.7246
1.14208
1.67797
2.0563
2.31026
2.26085
2.33072
2.33072
2.33072
2.68684
1.30336
1.16242
1.16242
1.16242
0.295126
0.295126
0.295126
0.295126
0.295126
0.295126
0.295126
0.785302
0.957649
0.957649
0.957649
0.957649
0.957649
0.957649
0.96824
0.96824
0.96824
0.96824
1.81616
1.59308
1.59308
1.59308
1.9158
1.92622
2.30887
2.30887
2.30887
2.74152
3.46143
3.06077
2.00884
1.85774
1.39663
1.39663
1.00436
1.00436
1.00436
1.07596
1.07596
1.07596
2.08749
2.08749
1.35226
1.80481
2.59715
1.81634
1.67052
1.67052
1.67052
1.67052
2.38874
1.83962
1.83962
1.48696
1.44433
0.785839
0.785839
0.785839
1.58881
1.72233
1.27521
1.27521
0.933089
1.44151
0.844784
0.844784
0.844784
0.844784
0.844784
0.844784
1.84625
2.70457
1.51092
1.51092
1.51092
1.51092
1.08566
0.800072
0.800072
0.800072
0.800072
0.800072
1.03931
1.03931
1.28542
0.887535
0.887535
0.887535
0.887535
0.887535
0.887535
1.51021
1.53616
1.53616
2.00406
1.96555
2.06932
2.04559
1.56224
2.56948
2.56948
2.52686
1.59534
2.19991
2.19991
2.7613
1.63546
1.29611
1.20136
0.443534
0.443534
0.443534
1.03106
1.03106
1.34352
1.39783
1.27704
1.27704
1.09355
1.09355
1.50548
1.50548
2.22832
2.21014
2.85967
2.85967
2.87848
2.87848
2.87848
1.79269
1.63305
1.20849
1.40877
1.40877
1.40877
1.30234
1.30234
1.08006
1.27574
1.27574
1.27574
1.27574
1.27574
0.481484
0.481484
0.720158
0.720158
1.055
0.860982
0.860982
0.860982
1.97743
1.37137
1.37137
1.37137
1.38689
1.56039
1.00365
1.00365
0.982912
0.982912
0.523067
0.523067
0.745759
1.08395
1.08395
1.08395
1.08395
1.08395
1.45791
1.45791
1.49873
1.49873
1.49873
1.49873
1.86746
2.42671
2.42671
2.66035
1.57102
1.57102
1.96692
1.96692
2.29014
2.29014
3.06246
2.73785
3.05293
2.70998
2.97827
2.77825
2.77825
2.50807
1.06947
1.06947
1.59238
1.59238
2.17282
1.53881
1.20397
1.20397
1.0782
1.69486
1.69486
1.69486
1.73281
2.09717
2.09717
2.09717
2.09717
1.89786
1.89786
2.58865
2.58865
2.58865
2.25807
2.48724
2.48724
2.48724
3.31522
3.31522
3.81832
3.36492
3.36492
2.42362
2.42362
2.42362
1.9023
2.70207
3.03699
2.60533
2.60533
2.57966
2.57966
2.57966
2.60734
2.60734
2.25791
2.25791
2.18751
1.90766
2.04779
2.04779
1.65444
1.65444
1.65444
1.65444
0.636908
0.636908
0.848379
1.04086
0.975469
0.975469
1.16248
1.16248
1.16248
1.16248
1.09852
1.09852
1.73773
1.55755
0.799001
0.799001
0.799001
0.799001
0.799001
0.929343
0.929343
0.929343
0.929343
0.929343
0.929343
0.929343
0.926028
0.926028
0.56483
0.670477
0.670477
0.491554
0.491554
1.02489
1.02489
1.02489
1.28095
1.28095
1.28095
1.28095
1.28095
1.7389
1.7389
1.67222
1.45223
1.43749
1.43749
1.41498
1.05286
1.05286
1.05286
1.05286
1.05286
1.05286
1.05286
1.05286
0.699628
0.699628
0.699628
0.699628
0.699628
0.402709
1.38469
1.19642
1.5971
1.5971
1.5971
1.5971
1.68961
1.68961
1.68961
2.00295
1.89601
1.79313
1.32525
1.32525
1.32525
1.53473
1.53473
1.73728
1.7084
1.7084
1.7084
0.937568
0.937568
0.937568
0.937568
0.937568
0.597008
0.277109
0.277109
0.277109
0.875418
0.875418
1.15401
1.15401
1.15401
1.15401
1.15401
1.15401
1.52807
1.52807
1.52807
1.52807
1.64545
1.22695
1.22695
1.8539
1.44585
2.14755
2.14755
2.14755
1.37771
1.8216
1.8216
1.85255
2.14277
2.42047
2.46122
2.38156
2.66619
2.97503
2.0294
2.59161
2.59161
2.48077
2.67156
2.67156
2.67156
3.06639
3.06639
3.16563
3.16563
3.16563
3.16563
3.31419
2.42471
2.40864
3.00892
4.09307
4.09307
3.8794
3.8794
5.51736
4.86984
4.86984
4.86984
3.79358
3.37038
3.29349
2.13561
1.45104
1.45104
1.38818
1.38818
1.38818
1.38818
1.58432
1.58432
0.584893
1.41599
1.41599
1.41599
1.33512
1.43301
1.12506
1.12506
1.12506
1.39287
1.39287
1.32485
1.67208
1.59673
1.02731
1.02731
1.02731
1.02731
0.741983
1.03347
1.03347
1.03347
1.03347
1.35216
1.35216
1.35216
1.32524
0.619988
0.619988
0.62289
1.20887
1.20887
1.26584
1.26584
1.26584
1.02142
0.84709
0.84709
0.84709
0.84709
0.84709
0.84709
1.17181
1.17181
1.17181
0.858653
1.56794
1.61584
2.21378
2.21378
2.21378
3.2028
3.2028
2.3035
2.37063
2.37063
2.37063
2.37063
2.37063
2.18584
2.18584
2.18584
2.18584
2.18584
2.07177
2.07177
2.56038
2.03146
2.03146
1.88494
2.18018
2.18018
1.90844
1.28845
1.92496
1.64399
1.69304
1.46738
1.50326
2.24892
2.0014
1.57484
0.761905
0.761905
0.761905
0.937255
1.86693
1.86693
1.86693
0.975819
0.975819
0.975819
0.975819
0.975819
0.822391
1.11412
1.20779
1.86149
1.85656
0.589411
0.438835
0.438835
1.13901
1.13901
1.13901
1.13901
1.13901
1.49142
1.77091
1.49825
1.49785
1.11758
1.14218
1.14218
0.499193
0.499193
0.774287
0.774287
0.774287
0.536781
0.536781
0.536781
0.428394
1.00359
1.00359
1.77462
1.40434
1.40434
1.40434
2.13392
1.39612
1.39612
1.41062
1.82082
1.68439
2.24799
1.79858
2.17064
2.17064
1.34125
1.14375
1.41724
1.41724
1.41724
1.41724
1.41724
1.41724
1.41724
1.41724
1.41724
1.39179
1.39179
1.39179
1.39179
2.06131
1.35829
1.35829
0.777686
0.777686
0.777686
0.777686
0.777686
0.777686
0.941346
0.941346
0.941346
0.941346
1.78652
1.21179
0.67589
0.67589
0.870756
1.12095
1.12095
1.12095
1.51179
1.76137
2.39745
2.33313
2.08026
2.08026
2.74983
2.32485
1.81799
1.81799
1.81799
1.81799
1.81799
1.81799
2.42647
1.11348
1.11348
1.11348
1.11348
1.11348
1.11348
1.65262
1.65262
1.02097
0.988401
0.988401
0.988401
0.988401
0.988401
1.49224
1.6111
1.6111
2.2732
1.81589
1.81589
1.81589
1.81589
1.81589
1.81589
1.82343
1.82343
1.82343
1.18595
1.18555
1.18555
1.87547
1.87547
1.87547
1.87547
1.87547
1.87547
1.87547
1.87547
1.87547
1.87547
1.87547
1.95523
1.95523
0.998082
0.998082
1.70182
1.70182
2.00992
2.97077
3.13873
3.13873
2.30443
2.30443
2.42231
2.48997
2.48997
2.48997
2.63469
2.63469
2.63469
2.63469
2.63469
2.42965
3.31868
3.31868
2.44008
1.41563
1.41563
1.41563
1.87722
1.87722
2.04446
1.82597
2.09012
1.68854
1.35002
1.35002
1.35002
2.20068
2.21342
2.10705
2.13938
2.13938
2.57737
2.57737
1.22951
1.22951
1.22951
0.670622
1.2921
1.49508
0.856545
0.856545
0.856545
0.856545
0.856545
0.74964
0.74964
0.74964
0.974105
0.410836
0.410836
0.410836
1.62897
2.54585
3.33645
2.70576
2.70576
2.80757
3
3
3.39018
4.48835
4.48835
4.48835
4.044
3.09762
3.09762
3.09762
3.09762
4.29033
4.29033
4.29033
4.29033
4.17354
4.17354
4.17354
3.24446
2.92246
3.05872
1.77813
2.11051
2.11051
2.43739
2.51926
2.51926
2.67644
3.09421
3.08456
3.10368
3.13125
1.95242
2.22303
3.54141
2.66925
2.66925
2.66925
3.26882
3.26882
3.26882
3.96982
4.40729
4.40729
4.10624
2.97585
2.97585
2.97585
2.84622
1.7457
1.36823
1.6868
1.6868
1.6868
1.58385
1.58385
1.36485
1.39178
1.39178
0.868788
0.335623
0.832263
0.832263
1.27611
1.27611
0.988885
0.988885
0.93331
0.93331
1.54549
1.54549
1.39326
1.39326
1.92612
1.92612
1.80623
2.33576
2.33576
2.33576
2.21693
1.29191
1.29191
1.29191
1.29191
1.29191
1.29191
1.29191
0.914401
0.914401
0.914401
0.914401
1.53121
1.53121
1.53121
1.53121
1.32856
1.36672
1.5461
1.07911
1.07911
1.07911
1.03652
1.03652
1.14562
1.14562
1.14562
1.93757
1.93757
1.93757
1.93757
1.93757
1.93757
0.801215
0.801215
0.432982
0.832029
1.11718
0.609789
0.609789
0.609789
0.818913
0.818913
1.22211
1.8075
1.90221
1.80546
1.80546
1.30244
2.30351
2.30351
2.30351
2.05792
2.05792
1.38831
2.09833
2.09833
2.09833
2.09833
2.09833
2.03901
2.03901
2.03901
2.03901
2.49624
2.49624
2.92807
3.57352
3.78277
3.78277
4.24914
2.66572
2.66572
1.72566
1.72566
1.72566
1.72566
1.40473
1.40473
1.84782
1.23936
1.49697
1.49697
1.20704
1.33935
1.33935
1.67902
1.57325
1.57325
2.53051
2.6107
3.19353
3.19353
2.46726
2.46726
2.46726
2.46726
2.5905
2.5185
2.5185
1.52129
2.11126
1.28084
1.28084
1.28084
1.451
1.68135
2.10061
2.10061
2.12253
2.12253
2.83985
1.99094
2.16325
2.16325
2.16325
2.16325
2.16325
1.31017
1.31017
1.31017
0.998644
0.998644
1.07474
1.07474
1.07474
1.60826
0.831203
1.09918
0.54984
0.54984
0.54984
0.472684
0.472684
0.472684
1.07612
1.07612
0.430032
0.430032
0.430032
0.430032
0.430032
0.430032
0.430032
0.430032
0.430032
0.430032
1.40849
1.40849
1.6929
1.6929
1.20043
1.20043
0.995124
0.564687
0.536307
1.41497
1.41497
1.63472
1.63472
1.63472
1.29637
1.29637
1.11821
0.547069
0.907788
0.907788
0.907788
0.659214
0.659214
0.659214
0.659214
0.659214
0.829632
0.829632
0.838291
0.838291
1.30188
1.30188
2.09009
2.09009
1.85276
1.85276
2.78411
2.78411
3.73934
3.13287
3.13287
3.62518
3.55613
3.48212
4.58865
4.58865
4.58865
3.81202
3.81202
3.81202
3.81202
3.20468
2.33376
0.960832
1.50333
1.11723
0.643755
0.643755
0.643755
0.255643
0.255643
0.255643
0.71538
0.47258
1.16236
1.13507
1.29507
1.29507
1.06067
1.06067
1.06067
1.31061
1.36975
1.36975
1.36975
1.36975
1.36975
1.42452
0.73487
0.73487
0.73487
0.73487
0.73487
0.73487
0.812474
0.812474
0.812474
0.812474
0.765818
0.765818
0.765818
0.882487
0.633536
1.2276
1.2276
1.69007
1.56099
1.26475
1.08974
1.08766
1.09652
0.801874
0.801874
0.801874
0.692063
0.692063
0.692063
1.34394
1.34394
1.34394
1.34394
1.56754
1.15995
1.15995
1.9095
1.12584
1.12584
1.12584
1.10976
1.24075
1.24075
1.24075
0.745473
1.09336
1.09336
1.21631
1.21631
1.37879
1.37879
1.37879
0.43708
0.43708
0.43708
0.447233
1.12293
1.12293
1.12293
0.574702
0.855312
0.924175
0.924175
1.01605
0.932804
0.225814
0.225814
1.40497
1.84236
1.45762
0.492355
0.492355
0.492355
0.492355
0.492355
1.23915
1.23915
1.20385
0.933749
0.278479
0.278479
0.278479
0.278479
0.278479
0.278479
0.278479
0.278479
0.278479
0.278479
0.278479
0.278479
0.278479
0.278479
0.278479
0.278479
1.20044
1.20044
1.42596
1.41985
1.41985
1.26899
1.26899
1.26899
1.07247
0.729292
0.729292
0.729292
0.729292
1.77547
0.573312
0.721966
0.721966
0.721966
0.721966
0.721966
0.721966
1.44613
0.968286
0.968286
0.968286
0.974918
0.983663
1.94618
2.18788
2.11529
2.22305
2.71789
3.4278
3.62153
3.42124
3.60866
3.60866
3.57837
3.57837
3.25174
2.89599
2.89599
2.89599
3.59971
3.59971
3.59971
3.59971
3.59971
2.43088
2.43088
2.43088
2.43183
2.43183
2.42413
2.01647
2.49415
2.49415
2.49415
2.49415
2.66342
2.66342
1.8429
1.8429
1.5692
1.5692
1.01424
1.30427
0.551972
0.551972
0.551972
0.551972
0.551972
0.551972
1.56716
1.65387
1.05286
1.05286
1.05286
0.553899
0.553899
0.553899
0.553899
0.61858
0.923489
0.988699
0.988699
0.988699
0.988699
0.988699
0.94877
0.244013
0.244013
0.715196
0.715196
0.715196
0.715196
0.715196
0.715196
0.768093
1.16168
1.16168
1.19562
1.55722
1.55722
2.53822
1.89941
1.89941
1.51602
2.02221
2.02221
2.47538
2.47538
1.55147
1.64464
1.49359
1.49359
1.49359
1.49359
1.71853
1.47421
1.44201
1.44201
0.678226
0.678226
0.678226
0.788139
0.788139
1.55333
1.09235
1.09235
1.09235
1.13734
1.13734
1.43255
1.43255
1.43255
1.37227
1.38112
1.38112
1.38112
1.3398
2.10844
2.10844
2.10844
1.86858
1.86858
2.91214
2.91214
2.25459
1.89488
1.89488
0.768246
1.37023
2.19388
2.23556
2.23556
3.00336
3.06434
3.06434
3.06434
2.95605
3.056
3.15367
3.15367
2.30831
2.1277
2.1277
2.1277
1.01754
1.33822
1.33822
1.33822
1.23347
0.812582
0.812582
0.812582
0.812582
1.22907
1.22907
1.92025
1.92025
2.16232
2.53154
2.53154
2.65723
2.65723
1.87156
1.87156
1.87156
1.87156
2.49821
2.33723
2.33723
2.33723
2.33723
2.01127
2.46041
2.46041
2.46041
1.81508
1.90448
1.54191
1.54191
1.57255
0.971499
0.971499
0.91136
1.35263
2.32611
3.01703
2.7729
3.38288
3.38288
3.91402
3.91402
4.13403
4.13403
4.13403
4.13403
4.08388
4.08388
4.26658
4.26658
4.26658
4.40064
5.2377
5.23144
6.61848
5.48399
5.37009
4.64397
4.64397
4.64397
4.64397
4.38413
4.38413
4.38413
4.38413
4.03533
4.03533
3.62157
4.97763
5.42397
5.07883
4.10711
5.5115
4.90748
4.90748
5.5465
5.5465
5.5465
5.5465
5.5465
4.62783
4.62783
4.62783
4.62783
3.83048
3.83048
3.83048
3.16947
3.7517
3.70456
3.37982
3.37982
3.37982
3.37982
2.0185
2.0185
2.12337
1.38176
1.38176
1.27581
1.27581
1.96015
1.96015
1.96015
1.28653
1.28653
1.48483
1.46723
1.46723
1.33612
1.33612
1.45962
1.16418
1.60207
1.14638
1.33016
1.06548
1.1832
1.49329
1.49329
1.85808
2.15126
1.76816
2.07423
2.41637
1.6258
1.6258
1.6258
0.829881
1.15586
1.15586
2.15644
2.15644
2.03316
2.03316
1.14318
1.14318
1.89117
1.46348
1.56219
0.922906
0.922906
1.25487
1.25487
1.25487
1.25487
1.25487
0.737625
0.737625
0.7253
0.7253
0.7253
1.13927
0.726462
1.3101
1.33738
0.531456
0.531456
0.531456
0.8636
1.02279
1.02279
1.02279
1.02279
1.02279
0.815568
0.815568
0.815568
0.815568
0.866192
1.45592
1.36377
2.28309
1.10282
0.964796
0.991297
0.532628
0.532628
0.532628
0.532628
0.532628
0.532628
0.532628
0.532628
0.580157
0.192303
0.710632
0.710632
0.710632
0.587711
0.194644
0.194644
0.194644
0.194644
0.194644
0.194644
0.194644
0.194644
0.920802
1.4377
0.740454
0.740454
1.29904
1.1668
1.31875
1.31875
1.31875
0.288183
0.288183
0.288183
0.5048
0.5048
0.5048
0.5048
0.5048
0.5048
0.373539
0.373539
0.373539
0.481739
1.53045
1.53045
1.53045
1.53045
1.53045
1.62041
1.62041
1.63885
1.63885
1.63885
1.63885
1.48464
1.48464
1.82415
2.13635
2.38565
2.25381
2.25381
2.29804
2.44721
1.93083
2.08708
1.12554
1.22747
1.22747
1.22747
0.289732
0.289732
0.289732
0.289732
0.289732
0.289732
0.289732
0.931599
0.931599
1.80352
2.59301
1.85494
1.29097
1.29097
1.07961
1.07961
1.07961
1.07961
1.61448
2.15259
2.656
3.7994
3.7994
3.7994
3.3199
2.42051
1.77124
1.77124
2.27077
2.22417
2.22417
2.16554
2.16554
2.22367
2.52728
3.11203
3.17295
3.12259
1.91135
1.91135
2.53103
2.09447
2.24233
1.96964
2.30089
2.30089
2.30089
1.33621
1.33621
0.707339
0.711621
0.711621
0.935648
0.93342
2.07159
1.88666
1.48652
1.46481
1.46481
0.976129
1.6774
1.6774
1.6774
1.09095
1.36592
1.36592
1.36592
0.667844
0.667844
0.667844
0.940344
0.443258
0.443258
0.443258
1.04641
0.858563
0.858563
0.932359
0.932359
1.00804
1.00804
1.4421
1.4421
1.1701
1.79043
1.79043
2.12644
1.44523
1.3342
2.28392
2.28392
2.9567
3.68043
3.39729
3.11084
2.14673
2.14673
2.14673
2.14673
2.14673
1.52352
1.40346
1.40346
1.40346
0.676841
0.676841
1.33124
1.85764
1.85764
1.4687
1.19223
1.62674
1.62674
1.46296
1.46296
1.58903
1.3389
2.9324
2.9324
2.91591
3.3939
2.18646
2.82763
1.87611
1.87611
1.87611
2.1647
2.1647
1.8071
1.47211
1.45607
1.18652
1.4026
1.4026
1.4026
1.4026
1.4026
1.4026
1.4026
1.32001
1.32001
1.38609
1.38609
0.774313
0.774313
0.883238
1.32385
2.25888
1.24453
1.24453
0.604981
0.604981
0.604981
0.604981
0.604981
0.604981
0.604981
0.604981
0.604981
0.604981
0.604981
0.604981
0.604981
0.615196
0.615196
0.903599
0.903599
0.720029
0.420562
1.04965
1.04965
0.825978
0.825978
1.54891
1.54891
1.06217
1.06217
1.06217
1.10126
1.10126
1.10126
0.465605
0.903036
0.903036
1.15753
1.15753
1.41794
1.18417
1.18417
0.845928
0.845928
0.845928
0.845928
1.49698
1.49698
1.49698
1.49698
1.06774
1.06774
0.297866
0.297866
0.297866
0.297866
0.602236
0.602236
0.602236
1.20517
1.20517
0.279954
0.279954
0.279954
0.279954
0.90819
0.90819
0.90819
0.90819
0.90819
1.0968
1.0968
1.07263
1.22505
1.96023
1.88076
1.88076
1.82631
1.87296
1.87296
1.87296
2.15402
2.15402
1.86133
1.96406
1.96406
1.73084
1.68892
1.68892
0.840136
0.840136
1.26477
1.26477
0.814892
0.814892
0.814892
0.814892
1.19553
1.09335
0.509527
0.509527
0.509527
0.509527
0.509527
0.921124
0.921124
1.63514
1.63514
1.63514
1.63514
0.894396
0.894396
0.894396
0.894396
1.37637
1.37637
1.37637
1.17363
0.939798
0.939798
1.02752
1.02752
1.02752
1.02752
1.21234
1.68704
1.70198
1.70198
2.24328
1.71153
1.71153
1.99107
1.99107
1.99107
1.99107
2.80819
2.80819
3.59698
4.43934
4.52905
4.52905
4.33774
4.8566
5.34456
5.34456
4.45546
4.45546
4.45546
4.70749
4.70749
4.70749
4.70749
5.01692
4.84885
4.43459
4.43459
4.21761
5.13077
4.71008
5.22921
5.22921
5.03882
4.83932
4.83932
4.83932
4.09746
4.01864
3.28838
3.1169
3.34155
4.25025
4.33087
4.20152
4.20152
4.20152
4.85807
4.85807
4.85807
4.85807
4.90218
4.55608
4.55608
4.00915
4.00915
2.99086
3.0288
3.0288
2.26252
2.83827
1.8276
1.8276
1.2155
1.2155
1.2155
1.18572
1.18572
1.1518
1.26941
1.26941
1.26941
2.28906
1.98534
1.42592
1.48407
1.48407
1.34381
0.696688
1.10634
1.10634
1.10634
1.10634
1.10634
1.10634
1.10634
1.23615
1.08701
0.585158
0.585158
0.610409
1.17435
1.06018
0.960502
0.960502
0.960502
1.01825
1.08707
1.08707
1.32596
1.32596
1.32596
1.32596
1.48416
0.733591
1.41997
2.77884
2.77884
1.2895
1.2895
1.2895
1.79577
1.79577
1.94735
1.94735
2.12432
2.12432
1.73644
1.73479
1.32057
1.32057
1.32057
1.22577
1.24319
1.24319
1.24319
1.33122
1.33122
1.33122
1.41038
1.41038
1.41038
1.41038
0.875998
0.875998
0.643496
1.16123
1.16123
0.714353
0.714353
0.824366
1.022
1.19387
1.19387
1.60114
0.842957
0.842957
0.669773
0.669773
0.669773
0.982373
0.982373
0.982373
0.948993
0.411567
0.411567
0.411567
0.411567
1.04287
0.948022
0.724577
0.724577
0.724577
0.797474
0.797474
1.02404
0.985771
1.96831
1.96831
1.51044
1.51044
0.511011
1.19496
1.19496
1.19496
1.19496
1.55824
0.879757
0.783292
0.670182
0.670182
0.670182
0.178149
0.178149
0.178149
0.178149
0.178149
0.178149
0.178149
0.178149
1.55219
1.64894
1.46705
1.46705
1.46705
1.09992
1.09992
1.09992
1.09992
1.45017
1.45017
0.760791
0.760791
0.760791
0.760791
0.760791
0.760791
0.791294
0.764691
0.764691
0.764691
0.839598
1.74415
1.87327
1.87327
1.87327
1.63422
1.63422
1.52758
1.29402
0.790734
0.656444
0.656444
0.656444
0.990536
0.990536
0.990536
0.990536
0.990536
0.990536
0.990536
0.705461
0.705461
0.705461
0.844989
0.844989
1.25662
1.25662
1.25662
1.25662
0.932257
0.932257
0.932257
1.05155
1.05155
1.05155
0.685272
0.398004
0.398004
1.29141
2.08946
2.08946
1.8037
2.25648
2.42857
3.00377
2.13338
2.23844
2.23844
2.23844
1.49325
1.77739
1.77739
1.38862
1.18864
0.820521
0.820521
0.857036
0.857036
0.517105
0.517105
0.517105
0.517105
0.517105
0.517105
0.746798
1.29762
1.29762
2.65772
3.06767
3.06767
3.06767
3.06767
3.06767
2.25463
2.25463
2.25463
1.88627
1.88627
1.86996
1.6221
1.6221
1.24833
1.54814
1.54814
1.54814
1.18339
0.760364
0.760364
0.760364
0.284894
0.284894
0.284894
0.284894
0.284894
1.68227
2.13023
1.39135
1.75166
1.75166
1.75166
1.75166
1.75166
1.75166
1.75166
1.75166
0.898223
1.68122
1.68122
1.82842
1.57436
1.57436
1.57436
0.900505
0.780793
0.623615
0.623615
0.623615
0.623615
0.72462
0.72462
0.44434
0.44434
0.44434
0.44434
0.755831
0.755831
0.875535
1.42812
1.42812
2.27165
2.27165
2.27165
2.72338
2.72338
2.68721
2.70927
2.70927
2.70927
2.70927
2.16985
2.16985
2.16985
2.16985
2.11742
1.5078
1.39893
1.39893
1.39893
1.39893
1.39893
1.14469
1.14469
1.14469
1.14469
1.14469
1.27161
1.27161
0.446582
0.446582
0.446582
0.446582
0.446582
0.607517
0.607517
0.607517
0.607517
0.607517
0.53487
0.53487
0.53487
1.16453
1.32582
0.368968
0.368968
0.368968
0.106324
0.106324
0.106324
0.106324
0.106324
0.106324
0.106324
0.106324
0.106324
0.106324
0.106324
0.106324
0.106324
0.106324
0.106324
0.106324
1.20206
1.20206
0.970266
0.745438
0.745438
0.745438
0.745438
0.807344
0.807344
0.807344
0.807344
0.807344
0.807344
0.789666
1.33969
1.58822
1.03052
1.46673
1.021
1.021
0.838475
0.838475
0.838475
0.838475
1.11969
1.11969
1.11969
0.810911
0.810911
0.810911
0.810911
0.665503
0.665503
0.665503
0.665503
0.665503
0.665503
0.751718
0.936814
0.936814
1.56622
1.5329
1.5329
1.5329
0.29948
1.30473
1.16321
1.16321
1.05599
1.05599
1.20308
0.890893
0.890893
0.890893
0.890893
0.890893
0.93724
1.01747
1.01747
1.0285
0.693409
0.255847
1.14001
1.14001
1.51467
1.51467
1.51467
1.54142
1.54142
1.60556
1.91905
2.63008
1.71035
1.71035
1.44699
1.44699
1.44699
1.44699
0.864509
0.864509
0.917809
1.75918
1.75918
2.21724
1.19103
1.19103
1.86824
1.71746
1.40232
0.69652
0.69652
0.69652
0.576534
0.874519
0.774101
0.774101
0.774101
0.774101
0.757059
0.921913
0.921913
0.921913
0.921913
0.921913
0.921913
0.948394
0.840045
0.932559
0.964427
1.59921
0.957547
0.60914
0.60914
0.60914
0.60914
0.301382
1.15366
1.91307
1.91307
1.91307
1.91307
1.91307
1.91307
1.91307
2.22796
2.47433
2.74603
2.45196
2.45196
2.25093
2.25093
1.03422
1.03422
1.03422
1.03422
1.03422
1.03422
1.03972
1.03972
1.04283
0.589109
0.741457
0.741457
0.741457
0.423273
0.423273
0.423273
0.423273
0.423273
0.423273
0.423273
0.423273
0.423273
0.423273
0.423273
0.804367
1.32307
1.15288
1.15288
1.15288
0.537609
0.944607
0.98894
0.747823
1.42982
1.91746
1.91746
1.91746
1.91746
1.91746
0.562822
0.562822
0.597832
0.597832
1.30293
1.60705
1.60705
1.37142
1.37142
0.901678
0.910343
0.910343
1.27129
1.26598
1.26598
0.518748
0.518748
0.518748
0.55216
0.55216
0.55216
0.55216
0.55216
1.46926
1.46926
1.46926
1.44912
1.44912
1.44912
1.60153
1.45515
1.45515
1.99789
1.99789
1.99789
1.99789
1.5907
1.5907
0.502893
0.502893
0.502893
0.502893
0.502893
0.698733
0.698733
0.698733
0.698733
0.698733
0.861246
0.861246
0.571724
0.571724
0.571724
0.571724
0.571724
0.571724
1.06313
0.818753
0.818753
0.818753
0.818753
0.818753
0.818753
1.82159
1.58549
1.58549
1.58549
1.70665
1.70665
2.17146
2.17146
2.38893
2.38893
2.38893
2.38893
2.38893
1.95797
0.935659
0.935659
0.935659
0.443059
0.443059
0.678985
0.678985
0.678985
0.476216
1.56882
1.56882
2.27986
1.64918
1.37957
0.639255
0.639255
0.718103
0.718103
0.781477
0.781477
0.781477
0.644493
0.644493
0.644493
0.644493
0.644493
0.644493
0.644493
0.644493
0.562351
0.363525
0.363525
0.363525
0.363525
0.914829
0.914829
1.36352
1.9561
2.5463
2.5463
2.50739
2.50739
2.41763
2.41763
2.41763
2.41763
2.533
2.533
2.533
2.30399
2.85992
2.78722
2.78722
2.60847
2.60847
2.28699
2.28699
2.37741
2.79184
2.11798
2.40532
2.40532
1.72953
1.72953
1.72953
1.45662
1.02882
1.05515
1.05515
1.05515
0.919831
0.919831
0.919831
0.62763
0.62763
0.62763
0.62763
0.62763
0.62763
1.23702
1.23702
1.23702
1.23702
2.68018
2.37999
2.75346
2.06633
2.06633
2.06633
2.16778
1.49486
1.57311
1.57311
1.57311
1.57311
1.57311
1.80345
2.16776
2.3965
1.92201
1.92201
1.92201
2.43719
2.07466
2.38901
2.39677
3.02906
2.17538
2.11028
1.12837
1.12837
0.910845
1.00525
1.00525
1.27781
0.900849
0.73185
0.54488
0.54488
1.11467
0.892701
1.04718
1.04718
0.809462
0.425813
0.425813
0.425813
0.425813
0.425813
0.425813
0.425813
0.425813
0.425813
0.425813
0.425813
0.425813
0.425813
0.425813
0.425813
0.425813
0.425813
0.425813
0.425813
0.425813
0.425813
0.425813
0.425813
0.425813
0.425813
0.425813
0.425813
0.425813
0.425813
0.99919
0.895781
1.37944
1.55148
1.39328
1.39328
1.39328
1.39328
1.39328
1.39328
1.39328
2.17702
1.56782
0.20715
0.20715
0.20715
0.20715
0.20715
0.20715
0.20715
0.20715
0.20715
0.20715
0.897357
1.5925
1.5925
1.5925
1.5925
1.5925
1.5925
1.63478
1.63478
1.63478
1.63236
2.16943
2.38124
1.99969
1.02125
1.02125
1.02125
1.02125
1.02125
1.02125
2.56266
2.56266
2.56266
2.56266
3.11496
2.34539
2.34539
2.70071
1.68358
1.68358
2.65492
2.23587
2.57947
2.57947
2.73761
2.66678
3.51332
3.45786
3.29003
3.29003
3.29003
4.14793
3.44349
3.44349
4.0674
4.0674
3.71178
3.71178
2.47202
1.92735
1.92735
1.51341
1.07528
1.13058
1.4629
2.03835
2.03835
2.03835
2.03835
1.5777
1.58378
1.58378
1.78032
1.51453
1.96211
1.96211
2.65163
2.20852
2.20852
1.75862
1.75862
1.41042
1.41042
1.41042
1.41042
1.08183
1.08183
1.26565
1.47601
1.59348
1.87787
1.87787
1.87787
1.97938
1.97938
1.9622
1.9622
1.9622
1.83195
1.83195
1.83195
1.67804
2.05327
1.75812
1.90231
1.90231
1.90231
1.90231
1.47711
1.10642
0.969519
0.969519
0.969519
1.18067
1.18067
1.25775
2.10138
1.03348
1.03348
2.04667
1.60386
0.809884
0.809884
0.809884
0.809884
0.809884
1.19462
1.81013
1.83366
1.43219
1.43219
0.664935
0.664935
0.53367
0.53367
0.53367
0.53367
0.53367
0.53367
0.53367
0.609351
0.609351
0.609351
0.609351
0.609351
0.609351
1.33902
1.33902
1.33902
0.916581
0.916581
2.28956
3.24739
2.89221
3.87828
3.46759
2.79899
2.79899
2.79899
2.79899
2.79899
3.34743
3.34743
3.34743
4.0905
4.0905
3.61744
3.61744
3.61744
3.82773
3.12674
3.17112
2.23261
1.90278
1.90278
1.90278
1.90278
2.29037
2.44023
2.44023
2.44023
2.35569
2.13505
2.13505
2.13505
2.13505
1.46176
1.46176
2.05694
2.1367
2.1367
2.1367
1.65782
0.413682
0.413682
0.413682
0.413682
0.413682
0.413682
1.28772
0.209244
0.209244
0.209244
0.209244
0.209244
0.209244
0.209244
0.209244
1.12659
1.12659
0.78564
0.78564
1.22939
0.859702
0.859702
0.859702
0.859702
0.406343
0.406343
0.406343
0.336589
0.336589
1.09037
1.09037
1.09037
1.09037
0.838803
1.62784
1.62784
1.90606
1.52549
1.52549
1.70107
1.70107
1.70107
1.70107
1.89902
1.89902
2.26935
2.26935
2.50041
2.69222
2.77294
2.77294
2.04144
2.04144
1.56508
1.56508
1.56508
0.819881
2.01218
2.3235
3.31316
3.99491
3.38454
3.14752
3.14752
2.96583
2.96583
2.96583
2.96583
2.69643
2.87329
3.5433
2.43684
2.43684
2.49907
2.55616
1.81754
2.53795
2.53795
2.22258
1.57175
1.67625
1.67152
1.67152
1.67152
1.67152
1.98186
1.8798
1.8458
2.36367
1.97944
1.97944
1.97944
1.97944
1.97944
2.78638
2.78638
2.78638
2.78638
2.37247
2.37247
3.33989
3.1679
3.43132
1.82447
1.77192
2.04388
1.66896
1.66896
1.42307
1.93077
1.88111
1.88111
2.17882
2.17882
1.72687
1.72687
1.72687
0.849351
0.849351
1.89405
1.0205
1.0205
0.84004
0.84004
0.84004
0.84004
0.84004
1.55153
1.07744
0.501544
0.501544
0.501544
0.501544
0.635301
0.635301
0.798336
0.798336
0.369336
0.369336
0.369336
0.369336
0.369336
0.369336
0.369336
0.369336
0.876301
0.876301
0.876301
0.978292
0.792008
0.792008
0.792008
0.792008
0.792008
0.792008
0.792008
0.7974
0.855681
0.855681
0.855681
0.855681
1.60909
1.60909
2.23282
2.23282
1.81697
1.81697
1.81697
1.54115
1.26716
1.26716
1.26716
1.26716
1.17587
1.37966
1.37966
0.87109
0.511458
0.511458
0.511458
1.11376
1.11376
1.11376
1.11376
1.11376
1.11376
1.11376
1.11376
1.12146
1.54799
1.54799
1.54799
1.54799
1.54799
1.54799
1.54799
1.54799
1.14708
1.14708
1.14708
1.14708
0.75897
0.75897
0.75897
0.75897
0.75897
0.75897
0.75897
1.70283
1.46385
1.46385
1.46385
0.82847
1.82976
1.82976
1.82976
1.41614
0.604615
0.604615
0.604615
0.604615
0.604615
0.604615
0.604615
0.887392
0.887392
0.692635
0.692635
0.692635
1.48375
1.48375
1.48375
1.48375
1.07934
1.44958
1.86129
1.86129
2.07595
2.1186
2.1186
2.4993
2.4993
2.4993
2.4993
2.4993
2.4993
2.79537
2.79537
2.80085
2.80085
2.72665
3.09022
3.09022
3.09022
3.6879
3.6879
3.82295
3.82295
3.82295
4.98736
5.20591
5.20591
4.95821
4.95821
4.95821
4.26729
4.06054
3.6021
3.6021
3.6021
3.60125
4.27544
4.27544
4.29195
3.71844
3.71844
4.15472
3.84852
3.84852
4.21551
4.33636
4.30896
3.84712
3.33562
4.05787
4.22031
4.22031
3.89453
4.11055
3.03742
3.03742
4.01181
4.01181
4.00362
4.17479
4.07611
3.43102
3.43102
3.43102
3.43102
2.95231
2.46456
1.916
1.82996
0.918356
0.918356
1.00767
0.705634
0.705634
0.705634
0.705634
0.705634
0.705634
0.705634
0.705634
0.705634
0.438002
0.438002
0.284181
0.284181
0.284181
0.284181
0.284181
0.284181
0.284181
0.284181
1.14951
0.804589
0.577966
0.577966
0.577966
0.459974
0.459974
0.459974
0.579279
0.579279
0.579279
0.661566
0.661566
0.661566
0.731238
0.731238
1.63001
1.63001
1.63001
1.63001
1.63001
1.42296
1.41245
1.42168
1.15965
1.15965
0.878602
0.762048
0.762048
0.762048
0.762048
1.32707
1.37968
1.37968
0.446319
1.60828
1.86086
1.86086
1.16889
1.16889
1.34038
1.34038
2.21642
2.13979
1.42295
1.77665
1.39466
1.39466
1.32259
0.572127
0.321221
1.22687
1.22687
1.22687
0.64968
0.64968
0.64968
0.64968
0.64968
0.64968
0.718179
0.924181
0.924181
1.15736
1.06114
1.06114
0.804137
1.99623
1.88841
1.88841
1.88841
1.88841
1.73568
1.73568
1.80867
1.93206
1.40054
1.40054
0.894617
0.894617
1.41156
1.41156
1.00868
1.06938
1.06938
1.223
0.519444
0.519444
0.591622
0.591622
1.07435
1.07435
1.50922
1.50922
1.50922
1.50922
0.882045
0.882045
0.882045
0.931457
0.931457
0.931457
0.983668
0.983668
0.983668
1.21586
1.21586
1.21586
1.19131
1.19131
0.569782
0.569782
0.569782
0.569782
0.486415
0.486415
0.486415
0.486415
0.486415
1.27559
1.19801
2.24552
1.07633
1.10108
1.10108
1.23974
1.23974
1.23974
1.23974
1.23974
1.44042
1.05826
1.12408
0.450966
0.450966
0.450966
0.450966
0.450966
0.450966
0.450966
0.450966
0.450966
0.450966
0.450966
0.450966
0.90857
0.90857
0.90857
0.859605
0.859605
0.859605
1.34576
1.3141
1.3141
1.3141
1.3141
1.3141
1.3141
0.79455
1.28434
0.220597
0.220597
0.220597
0.220597
0.996811
0.996811
1.98555
1.14962
0.284376
0.284376
0.284376
0.284376
1.28048
0.463819
0.963751
1.37048
1.37048
1.6807
2.04755
2.16717
2.16717
2.16717
2.16717
1.88251
1.20641
1.20641
1.20641
1.20641
1.20641
0.920188
0.920188
0.917299
0.917299
0.917299
1.62476
1.33127
0.992803
0.992803
1.29492
1.38584
1.38584
1.38584
1.072
1.072
1.47379
1.41953
1.41953
1.41953
1.57389
0.758128
0.958299
0.958299
0.481043
0.481043
0.305198
0.710107
0.14
0.14
0.14
0.14
0.14
0.14
0.14
0.14
0.14
0.14
1.60084
1.60084
1.60084
1.60084
1.69046
1.69046
0.961571
0.961571
0.961571
0.961571
1.53418
1.53418
1.72477
1.72477
1.72477
1.63546
2.3502
2.30577
2.47317
2.91598
2.44298
2.60055
1.60108
1.59727
1.98337
2.98842
3.01897
2.65828
2.54349
2.54349
2.538
2.1365
2.1365
1.0374
1.0374
1.0374
1.0374
1.29134
1.29134
0.553092
0.553092
0.553092
0.553092
0.553092
0.553092
1.11011
1.11011
1.46035
1.46244
0.675889
0.944145
0.905217
0.969277
0.969277
0.969277
0.969277
1.5308
1.46352
1.46352
1.14083
1.14083
1.14083
1.24829
1.39495
1.39495
1.23203
1.23203
1.23203
1.25741
0.993288
0.993288
1.16434
1.16434
1.16434
1.33213
1.33213
1.33213
1.33213
0.66504
0.66504
0.66504
0.66504
0.66504
0.366724
0.366724
0.366724
1.34299
1.34299
1.08569
0.978158
0.978158
0.978158
0.978158
0.682679
0.682679
0.491785
0.491785
0.491785
0.879458
0.879458
0.879458
0.649619
0.649619
1.81641
2.4359
1.51787
2.83313
2.86997
2.86997
2.53314
2.33178
2.32021
2.32021
2.10718
1.44857
1.44857
1.17279
1.17279
1.17279
0.91235
0.91235
0.91235
0.510643
1.04356
1.50639
1.71738
1.71738
1.71738
1.71738
1.71738
1.71738
1.73845
1.73845
1.73845
1.73845
1.73845
2.02897
2.29614
2.29614
2.8049
2.8049
2.10231
2.10231
2.50295
2.66269
2.66269
2.55575
1.47079
1.47079
1.47079
1.47079
0.975912
0.975912
0.975912
0.975912
1.12906
1.12906
1.12906
1.12906
1.12906
1.12906
1.12906
1.12906
1.12906
1.12906
1.59954
0.954864
0.628487
0.628487
1.03999
1.28215
0.797492
0.659376
0.659376
1.04979
1.04979
1.10634
1.06211
1.42761
1.30134
1.30134
0.809381
0.809381
0.809381
0.809381
0.809381
1.0757
1.6069
1.6069
1.6069
1.6069
1.6069
1.6069
1.55916
1.55916
1.55916
2.04883
2.04883
1.45448
0.600903
0.600903
1.26767
1.88547
1.88547
1.96923
2.10847
2.10847
1.36663
1.69736
0.726855
0.726855
1.62061
1.62061
1.07781
1.07781
0.836857
1.49692
1.49692
1.49692
1.30075
1.30075
1.30075
1.30075
1.30075
1.08881
0.950466
0.950466
1.01503
0.873086
1.42111
1.26019
0.864999
0.864999
0.864999
0.864999
0.864999
0.864999
0.883789
0.947792
0.947792
0.947792
1.70957
1.70957
1.09621
1.09621
1.42957
1.75643
1.75643
1.75643
2.44905
2.92435
2.31826
2.31826
2.31826
2.31826
2.20994
2.20994
2.20994
2.41412
1.73148
1.44394
1.44394
1.50349
2.45141
2.45141
2.48881
2.48881
2.48881
2.0335
2.0335
2.0335
2.0335
1.21166
1.21166
1.07048
1.07048
1.27441
1.27441
1.21298
1.21298
1.21298
1.37736
1.37736
1.37736
1.37736
1.61115
0.828018
0.828018
0.828018
1.89666
1.73204
1.73204
1.80873
1.80873
1.80873
1.80873
1.92062
2.15697
2.15697
1.9496
1.9496
1.9496
1.00195
1.00195
1.48186
1.48186
2.43819
1.64605
1.48545
1.48545
0.347229
0.347229
0.347229
0.347229
0.347229
0.347229
0.347229
0.347229
0.347229
0.347229
0.347229
0.347229
0.347229
0.347229
0.347229
0.347229
1.61053
1.61053
0.337143
0.337143
0.337143
0.337143
0.863373
0.863373
0.863373
0.863373
0.863373
0.893465
0.893465
1.6997
2.34738
2.9463
2.68931
2.68931
2.68931
3.49344
4.15538
4.15538
4.15538
3.04276
3.04276
3.04276
3.18183
3.18183
3.29357
3.29357
3.58994
3.71713
3.71713
2.81111
2.81111
2.81111
2.50088
1.97919
1.88457
1.02741
1.40802
1.40802
1.40802
1.87107
2.02361
2.09558
2.09558
2.09558
2.09558
2.35358
2.91593
2.91593
2.61831
2.61831
2.61831
2.61831
2.61831
2.96361
2.41289
2.41289
2.55093
2.63174
3.02579
3.67786
3.80976
2.98178
2.68128
2.68128
1.55499
0.76482
0.64414
0.692293
1.30931
1.30931
1.32622
1.32622
1.32622
1.32622
0.32467
0.32467
0.32467
0.32467
0.642487
0.642487
1.06406
1.06406
1.06406
0.8535
0.8535
0.8535
0.8535
0.8535
0.767253
1.014
1.41583
1.05536
0.917315
0.917315
0.917315
1.25264
