           1   0.0495363   0.0495363           0
           2   0.0483999   0.0489681 0.000568177
           3   0.0488863   0.0489408 0.000329169
           4   0.0485567   0.0488448  0.00025179
           5   0.0476028   0.0485964 0.000315813
           6   0.0501491   0.0488552  0.00036532
           7   0.0489799    0.048873 0.000309265
           8   0.0499716   0.0490103 0.000300982
           9   0.0486907   0.0489748 0.000267807
          10   0.0482961   0.0489069 0.000248963
          11   0.0488983   0.0489062 0.000225197
          12   0.0490652   0.0489194 0.000206002
          13   0.0495769     0.04897 0.000196128
          14    0.049013   0.0489731 0.000181605
          15   0.0495039   0.0490084 0.000172729
          16   0.0490697   0.0490123 0.000161618
          17   0.0485438   0.0489847 0.000154294
          18    0.049148   0.0489938 0.000145753
          19   0.0481443   0.0489491 0.000144936
          20   0.0490027   0.0489518 0.000137525
          21   0.0490787   0.0489578 0.000130952
          22   0.0488004   0.0489507 0.000125062
          23   0.0497674   0.0489862 0.000124666
          24   0.0483409   0.0489593 0.000122349
          25   0.0501031    0.049005 0.000125956
          26   0.0492223   0.0490134 0.000121303
          27   0.0497746   0.0490416 0.000120081
          28   0.0481968   0.0490114 0.000119581
          29   0.0495333   0.0490294 0.000116779
          30   0.0481536   0.0490002 0.000116535
          31   0.0481383   0.0489724 0.000116092
          32   0.0490115   0.0489736 0.000112412
          33   0.0486489   0.0489638 0.000109396
          34   0.0503163   0.0490036  0.00011334
          35   0.0504392   0.0490446 0.000117449
          36    0.048904   0.0490407 0.000114207
          37   0.0487468   0.0490327 0.000111361
          38   0.0499784   0.0490576 0.000111211
          39   0.0502932   0.0490893  0.00011286
          40   0.0504493   0.0491233 0.000115136
          41   0.0492478   0.0491263 0.000112334
          42    0.048184   0.0491039 0.000111899
          43    0.049915   0.0491228 0.000110882
          44   0.0487459   0.0491142 0.000108671
          45   0.0480482   0.0490905 0.000108837
          46   0.0490725   0.0490901 0.000106446
          47    0.049148   0.0490914 0.000104164
          48   0.0485892   0.0490809 0.000102506
          49   0.0491934   0.0490832 0.000100418
          50   0.0496626   0.0490948 9.90692e-05
          51   0.0494133    0.049101 9.73079e-05
          52   0.0492085   0.0491031 9.54406e-05
          53   0.0483021    0.049088 9.48344e-05
          54   0.0503099   0.0491106 9.57734e-05
          55   0.0492442    0.049113 9.40473e-05
          56   0.0486091    0.049104   9.279e-05
          57   0.0499792   0.0491194 9.24317e-05
          58   0.0465312   0.0490748 0.000101194
          59   0.0493009   0.0490786 9.95382e-05
          60   0.0491082   0.0490791 9.78664e-05
          61    0.048987   0.0490776 9.62605e-05
          62   0.0494886   0.0490842 9.49269e-05
          63   0.0489318   0.0490818 9.34393e-05
          64   0.0493634   0.0490862 9.20729e-05
          65   0.0491443   0.0490871 9.06498e-05
          66   0.0482272   0.0490741 9.02115e-05
          67   0.0492956   0.0490774 8.89163e-05
          68   0.0488684   0.0490743 8.76529e-05
          69   0.0480237   0.0490591 8.77049e-05
          70   0.0504438   0.0490788 8.86776e-05
          71   0.0490732   0.0490788 8.74197e-05
          72   0.0487165   0.0490737 8.63437e-05
          73   0.0497908   0.0490836 8.57174e-05
          74   0.0497439   0.0490925 8.50208e-05
          75   0.0489976   0.0490912 8.38891e-05
          76   0.0500242   0.0491035 8.36832e-05
          77   0.0485141   0.0490958 8.29432e-05
          78   0.0485637    0.049089 8.21567e-05
          79   0.0493935   0.0490929 8.12016e-05
          80   0.0478897   0.0490778 8.15786e-05
          81   0.0491878   0.0490792 8.05766e-05
          82   0.0503534   0.0490947 8.10907e-05
          83   0.0495896   0.0491007 8.03293e-05
          84   0.0474502    0.049081 8.17632e-05
          85   0.0510768   0.0491045 8.41379e-05
          86   0.0491171   0.0491047 8.31539e-05
          87   0.0504829   0.0491205 8.37053e-05
          88   0.0490265   0.0491194 8.27556e-05
          89   0.0496277   0.0491252 8.20195e-05
          90   0.0483301   0.0491163 8.15827e-05
          91    0.048348   0.0491079 8.11217e-05
          92   0.0498613   0.0491161 8.06519e-05
          93   0.0502878   0.0491287 8.07688e-05
          94   0.0498604   0.0491364 8.02833e-05
          95   0.0490483   0.0491355 7.94391e-05
          96   0.0495208   0.0491395 7.87096e-05
          97    0.047493   0.0491226  7.9722e-05
          98   0.0496974   0.0491284 7.91221e-05
          99   0.0491782   0.0491289 7.83204e-05
         100   0.0509908   0.0491475 7.97374e-05
