           1    -0.41911    -0.41911           0
           2   -0.410239   -0.414674  0.00443555
           3   -0.418411    -0.41592  0.00284769
           4    -0.42072    -0.41712  0.00234406
           5   -0.421795   -0.418055  0.00204229
           6   -0.396791   -0.414511  0.00391673
           7   -0.410124   -0.413884  0.00336904
           8   -0.411002   -0.413524  0.00293984
           9   -0.409754   -0.413105  0.00262631
          10     -0.4097   -0.412764  0.00237358
          11   -0.412548   -0.412745  0.00214708
          12   -0.410121   -0.412526  0.00197216
          13   -0.434568   -0.414222  0.00248313
          14   -0.419172   -0.414575  0.00232596
          15   -0.405005   -0.413937  0.00225739
          16   -0.410838   -0.413744  0.00212046
          17   -0.416916    -0.41393  0.00200054
          18   -0.410913   -0.413763  0.00189357
          19   -0.431047   -0.414672  0.00200891
          20   -0.424045   -0.415141  0.00196259
          21   -0.417364   -0.415247  0.00186979
          22   -0.416223   -0.415291  0.00178333
          23   -0.408934   -0.415015  0.00172631
          24    -0.42527   -0.415442  0.00170716
          25   -0.403445   -0.414962  0.00170632
          26   -0.398572   -0.414332   0.0017564
          27   -0.407538    -0.41408  0.00170872
          28   -0.392806    -0.41332  0.00181341
          29   -0.399218   -0.412834  0.00181608
          30   -0.411161   -0.412778  0.00175538
          31   -0.412157   -0.412758  0.00169793
          32   -0.404056   -0.412486  0.00166636
          33   -0.411517   -0.412457  0.00161534
          34   -0.396982   -0.412002  0.00163187
          35   -0.409091   -0.411919  0.00158674
          36   -0.413394    -0.41196  0.00154257
          37   -0.415586   -0.412058   0.0015035
          38   -0.425099   -0.412401   0.0015031
          39   -0.392966   -0.411903  0.00154654
          40   -0.403613   -0.411695  0.00152156
          41   -0.423173   -0.411975  0.00151016
          42   -0.411578   -0.411966  0.00147379
          43   -0.404206   -0.411785  0.00145038
          44    -0.39729   -0.411456  0.00145482
          45   -0.409293   -0.411408  0.00142294
          46   -0.413591   -0.411455  0.00139247
          47    -0.41523   -0.411536  0.00136489
          48   -0.401782   -0.411332  0.00135151
          49   -0.412246   -0.411351  0.00132377
          50   -0.407571   -0.411275  0.00129923
          51   -0.428666   -0.411616  0.00131836
          52   -0.417188   -0.411724  0.00129719
          53   -0.423635   -0.411948  0.00129218
          54   -0.404825   -0.411816  0.00127487
          55   -0.417793   -0.411925  0.00125618
          56   -0.413984   -0.411962  0.00123409
          57   -0.425314   -0.412196  0.00123467
          58   -0.420413   -0.412338  0.00122144
          59   -0.404149   -0.412199  0.00120856
          60    -0.41922   -0.412316  0.00119399
          61   -0.408087   -0.412247   0.0011763
          62   -0.434479   -0.412605  0.00121146
          63   -0.422336    -0.41276  0.00120204
          64    -0.41863   -0.412851  0.00118666
          65   -0.404756   -0.412727  0.00117488
          66   -0.418996   -0.412822  0.00116084
          67   -0.422662   -0.412969  0.00115277
          68   -0.392287   -0.412665  0.00117572
          69   -0.413563   -0.412678  0.00115862
          70   -0.406723   -0.412593  0.00114512
          71   -0.412432    -0.41259  0.00112887
          72   -0.415674   -0.412633  0.00111391
          73   -0.410775   -0.412608  0.00109884
          74   -0.420849   -0.412719  0.00108959
          75   -0.411682   -0.412705  0.00107506
          76   -0.398579   -0.412519  0.00107698
          77   -0.418274   -0.412594  0.00106552
          78   -0.405484   -0.412503  0.00105572
          79   -0.430526   -0.412731  0.00106694
          80   -0.406009   -0.412647  0.00105687
          81   -0.399561   -0.412485  0.00105617
          82   -0.397727   -0.412305  0.00105862
          83   -0.406759   -0.412239  0.00104792
          84   -0.410144   -0.412214  0.00103567
          85   -0.395885   -0.412022  0.00104129
          86      -0.411    -0.41201  0.00102918
          87   -0.408424   -0.411969  0.00101811
          88   -0.411046   -0.411958  0.00100653
          89   -0.404797   -0.411878 0.000998405
          90   -0.422478   -0.411995  0.00099425
          91   -0.430448   -0.412198  0.00100395
          92   -0.413412   -0.412211 0.000993069
          93   -0.400444   -0.412085 0.000990449
          94   -0.415104   -0.412117 0.000980382
          95   -0.412033   -0.412116 0.000970007
          96    -0.40879   -0.412081 0.000960475
          97   -0.427787   -0.412243 0.000964212
          98   -0.411587   -0.412237 0.000954346
          99   -0.404245   -0.412156   0.0009481
         100   -0.408771   -0.412122 0.000939181
