           0           0           0
    0.064633           0           0
    0.129266           0           0
    0.193899           0           0
    0.258532           0           0
    0.323165           0           0
    0.387798           0           0
    0.452431           0           0
    0.517064           0           0
    0.581697           0           0
     0.64633           0           0
    0.710963           0           0
    0.775596           0           0
     0.84023  0.00107763 0.000253783
    0.904863    0.146717  0.00274331
    0.969496     1.06719  0.00695183
     1.03413     2.01442  0.00898725
     1.09876     2.23844  0.00881599
     1.16339     2.05984  0.00822489
     1.22803     1.82694   0.0073082
     1.29266     1.60621  0.00651503
     1.35729     1.44207  0.00591696
     1.42193     1.33659  0.00538447
     1.48656     1.25071   0.0049269
     1.55119     1.17265  0.00462613
     1.61583     1.13928  0.00440255
     1.68046     1.10696  0.00415137
     1.74509     1.08912  0.00395274
     1.80973     1.06692  0.00376495
     1.87436     1.06544  0.00365789
     1.93899     1.04816  0.00355229
     2.00362     1.05225  0.00342367
     2.06826     1.04682  0.00332688
     2.13289     1.04921  0.00320412
     2.19752     1.04546  0.00307301
     2.26216     1.03373  0.00299895
     2.32679     1.03005   0.0028738
     2.39142     1.02344  0.00282981
     2.45606      1.0158   0.0027461
     2.52069     1.00727  0.00272481
     2.58532     1.00828  0.00260413
     2.64995     0.99711  0.00253929
     2.71459     1.00123  0.00242538
     2.77922    0.998728  0.00238597
     2.84385    0.998958  0.00235003
     2.90849    0.992978  0.00228723
     2.97312    0.995245   0.0022652
     3.03775    0.996182  0.00229679
     3.10239    0.994313  0.00214163
     3.16702    0.991664  0.00212448
     3.23165    0.995565  0.00203527
     3.29629    0.988212  0.00202497
     3.36092    0.988965  0.00199422
     3.42555     0.99209  0.00196621
     3.49018    0.983577  0.00188381
     3.55482    0.985401  0.00185751
     3.61945    0.990357  0.00185633
     3.68408    0.988232  0.00182501
     3.74872    0.987981  0.00175758
     3.81335    0.986267  0.00173126
     3.87798    0.986989  0.00171973
     3.94262      0.9892  0.00170989
     4.00725    0.988636  0.00167182
     4.07188    0.989346   0.0016211
     4.13651    0.989648  0.00161886
     4.20115     0.98559  0.00156656
     4.26578    0.987533  0.00156624
     4.33041    0.986793   0.0015593
     4.39505    0.989117  0.00154153
     4.45968    0.989084  0.00150121
     4.52431    0.985453  0.00147245
     4.58895    0.985314   0.0014744
     4.65358    0.988963  0.00141927
     4.71821    0.984762  0.00139384
     4.78285    0.984843  0.00140015
     4.84748    0.988844   0.0013606
     4.91211     0.98598  0.00134359
     4.97674    0.987289  0.00130534
     5.04138    0.985699  0.00130951
     5.10601    0.987291  0.00131324
     5.17064    0.985913  0.00127934
     5.23528    0.988029   0.0013515
     5.29991    0.988208  0.00125283
     5.36454    0.988445  0.00122693
     5.42918    0.986995  0.00122723
     5.49381    0.985532  0.00121098
     5.55844    0.987127  0.00119727
     5.62307     0.98513   0.0011738
     5.68771    0.987012  0.00117923
     5.75234    0.988516  0.00116589
     5.81697    0.986168  0.00114007
     5.88161    0.986849  0.00112964
     5.94624    0.987745  0.00112935
     6.01087    0.987105  0.00111835
     6.07551    0.984275  0.00111132
     6.14014    0.985529  0.00106441
     6.20477    0.985557  0.00106301
      6.2694    0.987661  0.00105231
     6.33404    0.985092  0.00104646
     6.39867    0.984659   0.0010336
