           0           0           0
    0.064633           0           0
    0.129266           0           0
    0.193899           0           0
    0.258532           0           0
    0.323165           0           0
    0.387798           0           0
    0.452431           0           0
    0.517064           0           0
    0.581697           0           0
     0.64633           0           0
    0.710963           0           0
    0.775596           0           0
     0.84023  0.00227499  0.00147761
    0.904863    0.158342    0.013756
    0.969496     1.06276   0.0464392
     1.03413      2.1326   0.0666021
     1.09876     2.23133   0.0542289
     1.16339     2.08727   0.0530936
     1.22803     1.90054   0.0511436
     1.29266      1.7124   0.0450846
     1.35729     1.54828    0.052483
     1.42193     1.40734   0.0427461
     1.48656     1.27147   0.0369162
     1.55119     1.13621   0.0309654
     1.61583     1.08319   0.0277751
     1.68046     1.03042   0.0269569
     1.74509     1.03694   0.0240506
     1.80973     1.03143   0.0253815
     1.87436     1.03542   0.0323343
     1.93899    0.995691   0.0292439
     2.00362     1.00516   0.0247685
     2.06826     1.07112    0.024856
     2.13289     1.06271   0.0238876
     2.19752     1.04352   0.0215717
     2.26216     1.05006   0.0211238
     2.32679     1.00916    0.017393
     2.39142     1.00357   0.0197231
     2.45606    0.975902   0.0186521
     2.52069     1.00556   0.0190013
     2.58532    0.998682   0.0166829
     2.64995     1.00635    0.017055
     2.71459    0.984006   0.0162783
     2.77922     1.00665    0.015384
     2.84385    0.997459   0.0155554
     2.90849    0.995807   0.0164676
     2.97312     1.00691   0.0152338
     3.03775    0.986778   0.0145177
     3.10239    0.987939   0.0154595
     3.16702    0.986654   0.0140142
     3.23165    0.990055   0.0155192
     3.29629    0.980481   0.0146381
     3.36092     1.01366   0.0128109
     3.42555      1.0121   0.0121889
     3.49018    0.999747   0.0127326
     3.55482    0.993397   0.0140727
     3.61945    0.989954   0.0138992
     3.68408    0.989195   0.0138113
     3.74872     1.00065   0.0115323
     3.81335     1.00326   0.0118366
     3.87798      0.9832   0.0105562
     3.94262     1.00069    0.011656
     4.00725     1.00472   0.0146683
     4.07188    0.995957   0.0129292
     4.13651     1.00078   0.0127267
     4.20115     1.02334   0.0120825
     4.26578     1.00821   0.0111246
     4.33041     1.01598  0.00996217
     4.39505     1.02726  0.00998156
     4.45968      1.0135   0.0105608
     4.52431     1.02779   0.0120855
     4.58895     1.02272   0.0129391
     4.65358     1.01312  0.00995572
     4.71821     1.00502   0.0108366
     4.78285    0.998034  0.00899177
     4.84748     1.00263  0.00873474
     4.91211     1.00231   0.0107274
     4.97674     0.99249  0.00827411
     5.04138    0.993376  0.00902745
     5.10601    0.993184  0.00940916
     5.17064    0.984317  0.00870483
     5.23528    0.995207  0.00936011
     5.29991    0.984075  0.00925007
     5.36454    0.993457  0.00894508
     5.42918     1.01249  0.00858977
     5.49381     1.01647  0.00790495
     5.55844     1.00516  0.00815856
     5.62307    0.985863  0.00741951
     5.68771    0.972478  0.00880753
     5.75234    0.977796  0.00713475
     5.81697    0.990944  0.00759255
     5.88161    0.987836  0.00795833
     5.94624    0.964446  0.00659598
     6.01087    0.975397  0.00734621
     6.07551    0.973368  0.00737837
     6.14014    0.976018  0.00714978
     6.20477    0.981539  0.00661169
      6.2694    0.999891  0.00708522
     6.33404    0.996103  0.00778071
     6.39867    0.988079  0.00719848
