0.146507
0.736333
0.528857
0.332809
0.789848
0.183645
0.268271
0.346044
0.14852
0.0641086
0.0117108
0.517987
0.126791
0.821019
0.441376
0.0458315
0.347193
0.0928125
0.0958408
0.227274
0.0813407
0.210026
0.221307
0.793799
0.0832069
0.0650042
0.551522
0.745876
0.55763
0.858847
0.157583
0.393519
0.458954
0.276129
0.0345318
0.205542
0.811427
0.214411
0.221269
0.347012
0.329693
0.0757898
0.175343
0.231306
0.36018
0.364455
0.325801
0.387809
0.571766
0.356005
0.493703
0.118083
0.012588
0.693894
0.664652
0.117003
0.4277
0.332615
0.907137
0.0117336
0.429471
0.421236
0.267358
0.0939335
0.671802
0.0731268
0.789212
0.664541
0.15606
0.373503
0.432822
0.273128
0.00843738
0.387626
0.808813
0.502018
0.103728
0.332982
0.113264
0.207631
0.141938
0.532689
0.697582
0.366435
0.722928
0.326543
0.0847833
0.704919
0.0189399
0.0535111
0.23986
0.138181
0.22707
0.343605
0.410313
0.275347
0.221554
0.157782
0.0430243
0.0880568
0.485824
0.0661359
0.010057
0.460225
0.0691833
0.057278
0.655157
0.517749
0.623248
0.665221
0.466669
0.532648
0.17973
0.29128
0.401303
0.728754
0.553754
0.344876
0.325681
0.0952288
0.0117112
0.196252
0.00661178
0.0455724
0.173178
0.0822236
0.368899
0.862336
0.399674
0.0959872
0.443484
0.213433
0.333809
0.144833
0.151625
0.352854
0.057171
0.08099
0.0318307
0.0291839
0.112373
0.187494
0.0776935
0.289221
0.132664
0.474958
0.119863
0.083905
0.0345131
0.696218
0.0604106
0.475794
0.772882
0.153872
0.209358
0.122944
0.139352
0.754033
0.18097
0.464224
0.721688
0.484366
0.00618664
0.1546
0.45539
0.461575
0.316627
0.440693
0.219234
0.0401753
0.0430287
0.0679698
0.067036
0.122717
0.141155
0.334718
0.630548
0.238605
0.112453
0.181143
0.745889
0.425261
0.0620024
0.114954
0.328849
0.62679
0.291617
0.600769
0.441307
0.36198
0.434037
0.164497
0.0959961
0.719818
0.0177716
0.311361
0.294861
0.0764457
0.0395715
0.0344128
0.0772093
0.0647747
0.115558
0.13452
0.511259
0.354426
0.125607
0.0402943
0.409736
0.196352
0.112137
0.203525
0.413784
0.444464
0.583044
0.709571
0.208005
0.29663
0.3159
0.530209
0.712981
0.612113
0.360078
0.00131688
0.336862
0.569404
0.344751
0.502297
0.466814
0.262491
0.233612
0.0223756
0.582892
0.948298
0.0655951
0.610091
0.123985
0.302766
0.432701
0.186316
0.0219221
0.0402393
0.302549
0.139968
0.419673
0.0385116
0.634164
0.278451
0.441682
0.255423
0.405714
0.748192
0.30533
0.0703054
0.0341489
0.404571
0.472589
0.129361
0.4285
0.333977
0.00107956
0.206346
0.0895491
0.501888
0.433749
0.523076
0.0771038
0.30016
0.892661
0.646356
0.594426
0.182556
0.00661636
0.0196994
0.327304
0.318704
0.371901
0.496551
0.0104187
0.820928
0.733588
0.777357
0.874549
0.3903
0.615703
0.831924
0.639607
0.317773
0.804507
0.046047
0.221284
0.122487
0.532863
0.41775
0.00790021
0.204148
0.197023
0.108621
0.0830385
0.320906
0.535214
0.08326
0.00246174
0.523276
0.7561
0.565333
0.0933899
0.0195972
0.154317
0.00596467
0.272765
0.0226854
0.410181
0.255971
0.445492
0.0321579
0.525274
0.0670047
0.704685
0.157967
0.0384959
0.124823
0.632589
0.189819
0.288348
0.587486
0.290254
0.0146094
0.285379
0.232244
0.0156098
0.0385474
0.178671
0.419058
0.0860235
0.313293
0.495455
0.276347
0.595078
0.0274698
0.285059
0.0680811
0.301176
0.208168
0.0121436
0.305854
0.0241828
0.65555
0.267733
0.326921
0.206265
0.400972
0.00346363
0.0531253
0.479448
0.0756846
0.136141
0.166492
0.63494
0.266965
0.180333
0.733202
0.424139
0.553629
0.336041
0.681889
0.567456
0.298728
0.161967
0.0655193
0.282644
0.489219
0.474174
0.675747
0.473403
0.108843
0.587392
0.542717
0.418227
0.510908
0.234673
0.000561848
0.291259
0.0784953
0.145061
0.650822
0.6757
0.532292
0.704066
0.0776997
0.631639
0.156298
0.209041
0.0926922
0.39573
0.106046
0.374601
0.1519
0.00902376
0.926328
0.0508639
0.295392
0.242638
0.649669
0.604494
0.108769
0.371468
0.0911532
0.00185758
0.448706
0.524488
0.0495521
0.345988
0.320802
0.0854479
0.690258
0.0717884
0.1747
0.396161
0.182656
0.29879
0.146466
0.257569
0.0162815
0.0282047
0.150631
0.202379
0.230048
0.200835
0.0264201
0.433622
0.238376
0.127954
0.518911
0.744187
0.784572
0.353399
0.429905
0.429328
0.143932
0.439952
0.0617942
0.39396
0.499224
0.384008
0.420714
0.0453544
0.0660742
0.38542
0.122741
0.00972153
0.430272
0.0630445
0.0779716
0.295108
0.59078
0.236148
0.151824
0.78965
0.370995
0.452807
0.279505
0.970665
0.358729
0.388387
0.230986
0.485759
0.328545
0.848098
0.117544
0.00905581
0.00560302
0.555587
0.742754
0.797182
0.629624
0.233164
0.155841
0.552219
0.511653
0.105565
0.334111
0.433448
0.0865213
0.0663782
0.0310264
0.289239
0.596181
0.593277
0.49925
0.337812
0.00465147
0.219334
0.168666
0.0868968
0.190711
0.282626
0.147051
0.173016
0.0286349
0.451026
0.433497
0.170156
0.600862
0.0855922
0.231804
0.290928
0.50489
0.33008
0.241708
0.158473
0.834047
0.185895
0.0561255
0.706906
0.0688759
0.606919
0.572567
0.0504407
0.162876
0.509106
0.501249
0.194496
0.238676
0.372466
0.265216
0.133346
0.438686
0.0732397
0.490799
0.0359985
0.466174
0.147359
0.235176
0.160737
0.422786
0.0485679
0.304412
0.41154
0.646878
0.0646782
0.421041
0.228509
0.380213
0.524686
0.73298
0.0680481
0.108826
0.355503
0.00564769
0.529273
0.205862
0.27438
0.115058
0.0351788
0.185871
0.0581424
0.00314029
0.163465
0.172233
0.031606
0.0143032
0.154083
0.819261
0.10832
0.780712
0.467977
0.400308
0.35307
0.0498096
0.115875
0.59545
0.353194
0.215323
0.693745
0.400623
0.356751
0.151049
0.384286
0.258707
0.0495078
0.519623
0.184099
0.35129
0.656237
0.439662
0.0917103
0.408571
0.0484195
0.219325
0.428696
0.412364
0.0981132
0.384044
0.779837
0.0699107
0.974462
0.367755
0.47644
0.0567058
0.764944
0.746925
0.0911159
0.301758
0.506492
0.478655
0.156637
0.252272
0.00997468
0.148395
0.422648
0.18355
0.236679
0.00584754
0.22861
0.0118925
0.173951
0.249669
0.344684
0.685553
0.39139
0.698005
0.328942
0.155522
0.305436
0.600803
0.245067
0.235178
0.0414817
0.0503361
0.488305
0.527785
0.0181728
0.451963
0.36061
0.111623
0.0248511
0.190039
0.149768
0.0787098
0.0511817
0.0720011
0.930241
0.294647
0.0577529
0.11775
0.745352
0.126573
0.210689
0.958153
0.704035
0.0583449
0.571564
0.257611
0.42875
0.612521
0.921011
0.33012
0.740151
0.104103
0.378374
0.138841
0.506317
0.0214396
0.792432
0.517591
0.374904
0.702922
0.496736
0.646032
0.0233334
0.667349
0.0055326
0.049913
0.335362
0.218395
0.713373
0.472022
0.369581
0.515401
0.525329
0.0216086
0.300586
0.101421
0.326316
0.284119
0.165787
0.211191
0.39372
0.892753
0.615251
0.45339
0.113459
0.386812
0.0791093
0.331632
0.164694
0.756541
0.294716
0.351951
0.290573
0.111296
0.0778929
0.760378
0.136429
0.689852
0.41095
0.392121
0.53478
0.262196
0.108809
0.246009
0.119106
0.421514
0.5692
0.681275
0.725029
0.190888
0.20763
0.0433732
0.768355
0.478893
0.72616
0.741152
0.344299
0.0677666
0.699525
0.75798
0.728848
0.0194081
0.591902
0.326132
0.73067
0.289793
0.0839738
0.68411
0.347179
0.94949
0.210594
0.170721
0.169479
0.154451
0.00660917
0.163579
0.187527
0.0216623
0.279394
0.216045
0.188538
0.451649
0.615595
0.363946
0.395027
0.538266
0.122314
0.810176
0.781523
0.530067
0.18219
0.508689
0.124456
0.20748
0.443846
0.792074
0.236982
0.680579
0.0113737
0.48139
0.417006
0.159848
0.237674
0.015897
0.358216
0.535684
0.0371208
0.184118
0.340702
0.276745
0.0165428
0.172313
0.100663
0.195814
0.189582
0.382848
0.324235
0.614269
0.00998477
0.31321
0.388846
0.170043
0.105863
0.373001
0.898608
0.0539579
0.00706665
0.162809
0.00741895
0.0675956
0.0564109
0.559876
0.387437
0.375684
0.0984647
0.530771
0.247017
0.329942
0.281301
0.496937
0.0627603
0.575409
0.0522168
0.319736
0.126654
0.143394
0.62692
0.0363679
0.697994
0.405409
0.222606
0.758304
0.0856997
0.681415
0.232296
0.267957
0.418164
0.290117
0.00244776
0.903613
0.2928
0.485527
0.00063615
0.636397
0.133714
0.469962
0.146952
0.405777
0.0104898
0.0099814
0.388358
0.0259512
0.864089
0.153033
0.136792
0.189987
0.391187
0.597877
0.600914
0.399582
0.628396
0.246643
0.563358
0.187184
0.40891
0.595035
0.0255469
0.108405
0.148184
0.0115047
0.385376
0.0218238
0.370416
0.0631009
0.81315
0.758169
0.00433746
0.0204129
0.131529
0.190391
0.718463
0.53825
0.197493
0.556516
0.634706
0.389644
0.232249
0.157598
0.341678
0.261581
0.195591
0.545523
0.114187
0.395853
0.230329
0.126039
0.545442
0.130465
0.78325
0.173865
0.550053
0.219229
0.0864645
0.546991
0.205517
0.204823
0.0788912
0.103557
0.631777
0.806791
0.547954
0.329691
0.311723
0.251345
0.0824903
0.0208269
0.143799
0.490663
0.597644
0.359031
0.375614
0.155939
0.31201
0.129774
0.30735
0.375076
0.110921
0.228769
0.729442
0.528569
0.45657
0.568555
0.0254128
0.239297
0.759866
0.464905
0.418506
0.520318
0.292639
0.498429
0.595552
0.550418
0.104165
0.0377079
0.661813
0.6782
0.1398
0.23782
0.282681
0.359656
0.494241
0.0372175
0.403069
0.196921
0.0981141
0.597331
0.223584
0.319663
0.0622486
0.039496
0.711341
0.191343
0.0592725
0.186385
0.0685392
0.587091
0.0117545
0.146352
0.591341
0.0847055
0.195813
0.232011
0.190164
0.205975
0.0624857
0.59823
0.734987
0.13586
0.459492
0.0185427
0.456696
0.340425
0.255054
0.479156
0.280828
0.598938
0.452023
0.713215
0.0728728
0.261425
0.533782
0.266485
0.8069
0.594958
0.0769128
0.270356
0.211916
0.647947
0.0418129
0.662606
0.310417
0.875568
0.54053
0.216138
0.177213
0.124343
0.524067
0.442475
0.0509218
0.0712271
0.227263
0.81172
0.0398562
0.104949
0.0643101
0.553599
0.0686352
0.417297
0.0167921
0.0523356
0.364181
0.235334
0.139496
0.356665
0.163042
0.607946
0.171339
0.111966
0.595814
0.697407
0.175437
0.751126
0.389701
0.0576959
0.411522
0.699644
0.0585845
0.314545
0.211249
0.0082802
0.205918
0.344391
0.0507425
0.267559
0.603748
0.148178
0.0933701
0.269064
0.44645
0.17013
0.0119517
0.313226
0.170207
0.536638
0.336057
0.262522
0.548282
0.244414
0.307371
0.454218
0.142786
0.533328
0.279729
0.615725
0.217475
0.25336
0.172421
0.593671
0.0647609
0.274263
0.8912
0.10729
0.429143
0.185785
0.200311
0.685103
0.264511
0.170402
0.0741907
0.0393223
0.711064
0.7687
0.621114
0.319109
0.80813
0.42565
0.905869
0.320241
0.260509
0.597839
0.219312
0.0432725
0.418039
0.0866135
0.770457
0.136679
0.415429
0.12855
0.0624473
0.0836998
0.146431
0.269661
0.399847
0.667166
0.478122
0.632992
0.280425
0.200345
0.51935
0.25158
0.113361
0.857679
0.228642
0.482119
0.506418
0.547558
0.0262994
0.275851
0.200188
0.335499
0.553548
0.155322
0.0168352
0.367124
0.167259
0.477964
0.723039
0.103431
0.165117
0.128418
0.344884
0.299475
0.0944746
0.621536
0.595565
0.0301843
0.131307
0.375338
0.205542
0.775833
0.0959804
0.408429
0.190869
0.676508
0.269979
0.258654
0.668214
0.65039
0.646966
0.368453
0.940765
0.389306
0.100737
0.461378
0.152232
0.627474
0.186485
0.109179
0.458422
0.257427
0.496043
0.296973
0.104381
0.328664
0.0926727
0.174175
0.207744
0.774483
0.338706
0.768623
0.210376
0.552698
0.661729
0.246849
0.752563
0.650528
0.379442
0.204458
0.277079
0.150879
0.523633
0.143146
0.383574
0.432093
0.924366
0.321876
0.21669
0.183307
0.605051
0.203175
0.0219736
0.639614
0.426851
0.0245988
0.0847133
0.199858
0.0209648
0.638888
0.286591
0.521972
0.410403
0.347017
0.0590991
0.513881
0.0351699
0.549544
0.0602611
0.599151
0.46443
0.193969
0.0601026
0.65488
0.403896
0.27008
0.0218104
0.122442
0.440305
0.282393
0.0935082
0.933919
0.278977
0.581941
0.344016
0.601637
0.640379
0.108063
0.332899
0.493353
0.320618
0.311614
0.21247
0.1426
0.32209
0.239107
0.11084
0.560482
0.0978634
0.428122
0.354231
0.404977
0.526312
0.135038
0.17377
0.628212
0.491753
0.0373808
0.459167
0.274311
0.605002
0.173128
0.436137
0.112473
0.377455
0.538296
0.18711
0.521798
0.127058
0.516703
0.23376
0.281132
0.470563
0.35246
0.987333
0.0306702
0.0621261
0.0340657
0.0135018
0.0490004
0.121829
0.448886
0.0339275
0.535938
0.232088
0.325155
0.132154
0.0259518
0.483168
0.0238276
0.0291415
0.424422
0.0139964
0.421561
0.104551
0.540239
0.864034
0.391209
0.249836
0.429556
0.709001
0.64884
0.25468
0.326267
0.00109613
0.307795
0.135601
0.639329
0.203733
0.4193
0.19904
0.530361
0.0151505
0.210587
0.197248
0.367327
0.705227
0.115661
0.439705
0.480742
0.0216641
0.556674
0.499311
0.641459
0.346926
0.584575
0.603139
0.121335
0.669634
0.222983
0.434244
0.573034
0.355725
0.430626
0.269893
0.122251
0.00908832
0.349903
0.280967
0.288783
0.759612
0.203509
0.033988
0.271221
0.358726
0.407552
0.704281
0.0512993
0.00487006
0.737504
0.103931
0.649817
0.268008
0.45225
0.449301
0.842877
0.148648
0.345979
0.327488
0.0955464
0.71479
0.0844881
0.225183
0.249403
0.700731
0.461448
0.331887
0.137245
0.127452
0.69312
0.172634
0.409579
0.114094
0.150656
0.445182
0.231145
0.237166
0.55878
0.0404685
0.18515
0.131733
0.241086
0.293711
0.623607
0.0217321
0.416465
0.78022
0.0387002
0.825898
0.810399
0.311183
0.049541
0.079635
0.152359
0.17336
0.310204
0.065528
0.0491308
0.672854
0.563224
0.207221
0.226024
0.588052
0.388613
0.41673
0.682668
0.0101908
0.192105
0.712626
0.567312
0.633563
0.192583
0.0138115
0.0980829
0.0346847
0.339263
0.127035
0.72811
0.23955
0.0806082
0.00935064
0.0990211
0.0998639
0.0270799
0.776733
0.31029
0.290227
0.441499
0.528829
0.254033
0.198805
0.308474
0.315391
0.0747604
0.036974
0.488818
0.422487
0.0384372
0.37627
0.0508041
0.518027
0.00602107
0.178532
0.43777
0.166502
0.215618
0.711008
0.892404
0.195414
0.784601
0.24029
0.0426559
0.442495
0.216698
0.322133
0.559468
0.115292
0.0452997
0.220231
0.040239
0.370759
0.319582
0.538793
0.225838
0.0966745
0.280486
0.681319
0.39502
0.495925
0.271108
0.156032
0.558351
0.193888
0.105144
0.304141
0.283835
0.705879
0.0231392
0.386918
0.140608
0.129135
0.243138
0.0349313
0.7738
0.247202
0.292314
0.00458192
0.00585371
0.115291
0.293044
0.842152
0.218015
0.348551
0.523264
0.843999
0.455433
0.631646
0.492918
0.0818505
0.220306
0.0685607
0.312075
0.35828
0.663285
0.0992252
0.0466299
0.0240286
0.0812195
0.330909
0.292812
0.329732
0.0593027
0.157041
0.236649
0.289458
0.449719
0.0330659
0.0600143
0.514547
0.416325
0.680594
0.221605
0.775313
0.715675
0.0395467
0.197242
0.211017
0.507773
0.422791
0.349863
0.110194
0.263665
0.537144
0.805455
0.0920542
0.448723
0.235049
0.090148
0.114163
0.345544
0.239116
0.0413069
0.145884
0.557108
0.42004
0.422998
0.719999
0.0513791
0.595939
0.185077
0.278113
0.444297
0.494471
0.0932728
0.0268501
0.473012
0.128613
0.13583
0.306967
0.476706
0.300316
0.756453
0.527613
0.219903
0.543167
0.489984
0.111879
0.627205
0.138618
0.727019
0.469241
0.682083
0.29227
0.0428582
0.114525
0.269819
0.601107
0.00597312
0.327262
0.0201349
0.234061
0.391103
0.33486
0.576976
0.0806495
0.350951
0.254363
0.561843
0.239918
0.69621
0.0651638
0.173546
0.0923984
0.454642
0.0736868
0.251226
0.0827605
0.346062
0.440987
0.178526
0.334376
0.255439
0.811928
0.785819
0.275805
0.862034
0.316513
0.746702
0.229579
0.739792
0.154294
0.0593955
0.495322
0.467066
0.582944
0.327117
0.18725
0.0373636
0.0917027
0.241668
0.593222
0.457167
0.782386
0.251339
0.0613555
0.670354
0.419307
0.726092
0.00946728
0.72125
0.473165
0.0430278
0.161027
0.248244
0.806177
0.0758746
0.179583
0.675954
0.0758301
0.893573
0.0658835
0.127769
0.179828
0.342691
0.59985
0.25521
0.434685
0.200671
0.493745
0.105522
0.500919
0.23192
0.17652
0.107786
0.183792
0.558769
0.0260903
0.344882
0.400378
0.265411
0.116636
0.302402
0.569655
0.380892
0.0862883
0.353412
0.549121
0.879925
0.324557
0.181982
0.0178681
0.0242145
0.162833
0.672132
0.33273
0.313603
0.245596
0.43927
0.450388
0.0784162
0.922427
0.503727
0.524967
0.374873
0.155335
0.061054
0.251341
0.275073
0.165413
0.193907
0.303806
0.850874
0.175265
0.192956
0.0305487
0.00534621
0.0734046
0.177624
0.445137
0.0872035
0.00271167
0.0860237
0.475468
0.178132
0.203234
0.780739
0.523983
0.355874
0.326797
0.117914
0.460207
0.55276
0.204538
0.632598
0.430899
0.204846
0.512728
0.0322381
0.130128
0.192066
0.782248
0.311874
0.22581
0.353099
0.862754
0.126602
0.180257
0.536481
0.0495285
0.898447
0.418425
0.115257
0.295114
0.669516
0.856882
0.230522
0.564759
0.417855
0.544703
0.422999
0.849988
0.41796
0.180144
0.869832
0.535268
0.799988
0.315982
0.0467652
0.398591
0.0278336
0.106381
0.368299
0.480286
0.625461
0.780819
0.117126
0.50976
0.584845
0.225259
0.230162
0.242465
0.181034
0.491881
0.470128
0.703252
0.065498
0.466961
0.163155
0.180752
0.420581
0.186095
0.137394
0.399332
0.190858
0.775616
0.0801636
0.178336
0.371054
0.815194
0.650058
0.0137605
0.518527
0.402219
0.0368486
0.450691
0.863226
0.346198
0.0948987
0.160106
0.0784318
0.0344326
0.296371
0.454544
0.239684
0.566575
0.0520742
0.00535045
0.209808
0.0630315
0.67462
0.14097
0.197376
0.549158
0.702179
0.597512
0.146546
0.106313
0.481694
0.14569
0.122608
0.0710598
0.115202
0.539313
0.332883
0.638372
0.355855
0.456226
0.248195
0.786993
0.224309
0.677814
0.42429
0.102615
0.52416
0.194784
0.826391
0.00145264
0.000222266
0.777668
0.0236718
0.896893
0.688845
0.172157
0.201591
0.560874
0.061666
0.246215
0.011104
0.623994
0.278516
0.419828
0.494574
0.571423
0.516443
0.10005
0.115362
0.823125
0.118344
0.370617
0.193644
0.791986
0.361528
0.315885
0.590723
0.485553
0.352075
0.195746
0.838873
0.440538
0.101632
0.207708
0.484264
0.136414
0.12085
0.322128
0.0829815
0.429145
0.266435
0.66935
0.45173
0.118012
0.0424189
0.224112
0.0112301
0.325733
0.09899
0.483616
0.322135
0.185611
0.326732
0.140241
0.498448
0.572008
0.116282
0.11184
0.0771299
0.468402
0.140319
0.809559
0.544513
0.0297075
0.0502801
0.0896567
0.501538
0.501716
0.520664
0.370183
0.5706
0.389616
0.0530926
0.13722
0.641349
0.786284
0.714807
0.584519
0.151971
0.658806
0.0339151
0.0565039
0.353352
0.701348
0.510376
0.174945
0.282276
0.453625
0.131183
0.518083
0.499481
0.0970285
0.0592465
0.267758
0.353409
0.161634
0.612693
0.702997
0.731586
0.0942678
0.454365
0.169941
0.651925
0.705974
0.368907
0.935584
0.309344
0.211361
0.0105038
0.681573
0.186125
0.49044
0.6654
0.174228
0.470465
0.0590751
0.572029
0.499467
0.572626
0.360406
0.492408
0.021211
0.277597
0.0515413
0.0477848
0.732047
0.0626835
0.174375
0.75756
0.666943
0.415156
0.147748
0.0860456
0.240215
0.216113
0.474273
0.0185498
0.514705
0.00821529
0.12551
0.130426
0.563477
0.500932
0.545298
0.048505
0.725544
0.263777
0.302979
0.275037
0.0871562
0.378187
0.292938
0.164311
0.265281
0.274653
0.112464
0.0960746
0.00986428
0.0100258
0.0564661
0.248724
0.600225
0.112199
0.101831
0.240057
0.480399
0.00446157
0.79362
0.265148
0.0266638
0.0296243
0.695501
0.381952
0.0993524
0.60415
0.912397
0.110279
0.274635
0.903799
0.0964808
0.160359
0.724593
0.0985276
0.0178757
0.144508
0.00663656
0.145826
0.649847
0.283438
0.559622
0.166775
0.411137
0.502038
0.165226
0.164944
0.0613437
0.266106
0.23252
0.186355
0.579638
0.420886
0.491931
0.431001
0.0490282
0.687837
0.553662
0.373553
0.078173
0.01228
0.0233603
0.30891
0.534644
0.359111
0.853992
0.521967
0.156231
0.548678
0.394325
0.225333
0.611482
0.947473
0.368575
0.224806
0.247092
0.00932425
0.387344
0.702969
0.030337
0.0152401
0.415241
0.157107
0.147976
0.149
0.333217
0.106052
0.810573
0.183104
0.522249
0.290011
0.382187
0.646753
0.813761
0.192038
0.192658
0.167358
0.314781
0.382754
0.0316405
0.475855
0.822439
0.296693
0.0120874
0.0349685
0.586527
0.270386
0.314554
0.9404
0.380343
0.207076
0.643106
0.0665606
0.351345
0.410904
0.15069
0.0841271
0.230158
0.138562
0.491496
0.338589
0.188487
0.046968
0.0245961
0.81325
0.411191
0.439705
0.537688
0.640893
0.248907
0.490633
0.252031
0.148286
0.334987
0.801477
0.0785179
0.35247
0.700677
0.0861252
0.164262
0.34795
0.622912
0.456961
0.287146
0.755597
0.207962
0.518357
0.735569
0.084495
0.40893
0.517222
0.536447
0.556482
0.0710356
0.4205
0.129247
0.525603
0.395256
0.152193
0.0460363
0.802154
0.221322
0.147463
0.437907
0.336895
0.226544
0.955993
0.29231
0.552561
0.0916486
0.500583
0.405731
0.594518
0.410643
0.121095
0.206196
0.111605
0.525326
0.184663
0.218201
0.0745506
0.118719
0.771729
0.0546246
0.0816282
0.829101
0.372046
0.041459
0.319593
0.440239
0.498655
0.137859
0.125731
0.691753
0.28052
0.271596
0.737893
0.742969
0.190456
0.285689
0.746045
0.546981
0.363935
0.625697
0.441894
0.389068
0.225059
0.0667674
0.0365855
0.53237
0.199512
0.419094
0.205098
0.446281
0.185138
0.196943
0.0744188
0.084192
0.502118
0.331053
0.531678
0.074649
0.441809
0.719464
0.00359086
0.00321992
0.223172
0.266019
0.0651416
0.218559
0.203151
0.154898
0.220049
0.492926
0.0340959
0.0338634
0.039205
0.857249
0.760766
0.24122
0.169383
0.402736
0.119573
0.117857
0.0974896
0.106554
0.557239
0.144209
0.243393
0.211243
0.356534
0.612181
0.771185
0.189218
0.331247
0.451221
0.620537
0.527497
0.0381308
0.117206
0.133666
0.345885
0.4644
0.190612
0.464465
0.524492
0.552482
0.133146
0.503157
0.214076
0.112402
0.00814753
0.0414794
0.0695407
0.693555
0.259263
0.0230511
0.165755
0.361445
0.346654
0.486307
0.00430386
0.176635
0.341383
0.0399454
0.11792
0.146783
0.127565
0.102002
0.38105
0.297946
0.258154
0.344523
0.0106981
0.28664
0.739296
0.121396
0.244394
0.191767
0.616588
0.387809
0.310237
0.581838
0.0285735
0.0355645
0.0475039
0.168016
0.749673
0.588909
0.462003
0.191976
0.2017
0.836102
0.0262236
0.648534
0.837824
0.342571
0.0343211
0.398601
0.901062
0.519854
0.165527
0.0766795
0.345466
0.0720508
0.348029
0.710834
0.362497
0.215544
0.0326809
0.114216
0.890981
0.427992
0.168192
0.328815
0.353322
0.0482688
0.126719
0.490345
0.360642
0.299802
0.725836
0.0869687
0.714701
0.314473
0.314943
0.468756
0.215435
0.914519
0.22973
0.256472
0.431671
0.0639257
0.571605
0.0407747
0.406218
0.119502
0.183346
0.290273
0.361369
0.535656
0.686588
0.154302
0.108265
0.247799
0.446523
0.257649
0.118065
0.0815582
0.13714
0.311878
0.374346
0.0556052
0.531479
0.411102
0.00228468
0.542791
0.24638
0.368772
0.3688
0.00396542
0.0260763
0.223322
0.282639
0.878509
0.750957
0.572343
0.39013
0.348056
0.00939133
0.462144
0.164745
0.699714
0.053926
0.372958
0.631359
0.0321801
0.0997985
0.155048
0.060103
0.751637
0.0863484
0.492571
0.142351
0.00221598
0.648761
0.849751
0.381261
0.591607
0.0876217
0.0985583
0.261275
0.171693
0.157001
0.495246
0.803479
0.379002
0.389866
0.482564
0.760147
0.287953
0.487503
0.106927
0.34244
0.327527
0.649248
0.359273
0.0463739
0.793056
0.923472
0.0965489
0.0211953
0.491852
0.779382
0.0462062
0.325191
0.323563
0.70277
0.765276
0.104446
0.177429
0.336056
0.320996
0.23794
0.447017
0.118608
0.476037
0.383143
0.0470405
0.0887287
0.0636153
0.239645
0.487303
0.07005
0.275604
0.00896756
0.696639
0.353962
0.339154
0.170437
0.784221
0.534814
0.324676
0.502153
0.647026
0.274608
0.689278
0.377643
0.814234
0.709262
0.0380127
0.167409
0.37426
0.192345
0.297554
0.180297
0.0636798
0.139232
0.469033
0.141176
0.331112
0.047278
0.699452
0.336472
0.128213
0.788919
0.0513708
0.192587
0.249631
0.673863
0.480844
0.214865
0.0505512
0.0780698
0.119162
0.313143
0.282866
0.408911
0.155054
0.0581414
0.426294
0.212722
0.437314
0.505653
0.00122263
0.119541
0.915967
0.0837203
0.764986
0.493347
0.0955071
0.00583534
0.202867
0.63103
0.808868
0.0554822
0.406513
0.917936
0.244185
0.33516
0.179802
0.793539
0.290721
0.163985
0.881556
0.440422
0.833108
0.753691
0.592607
0.705753
0.215093
0.169009
0.535623
0.156936
0.854916
0.107704
0.144578
0.218026
0.0520727
0.723082
0.0617858
0.496896
0.189083
0.0247362
0.13604
0.19927
0.0362113
0.00420257
0.434524
0.257774
0.570383
0.0793603
0.47283
0.359021
0.0982922
0.290282
0.42109
0.473735
0.0610484
0.569593
0.00932393
0.748872
0.540457
0.0310622
0.0280375
0.0227112
0.0835609
0.113411
0.160257
0.385344
0.087483
0.380517
0.326036
0.971966
0.398355
0.0348798
0.208006
0.051103
0.314116
0.418131
0.169772
0.43471
0.191504
0.165046
0.379457
0.284302
0.0730761
0.471741
0.0613812
0.457514
0.311407
0.242912
0.0736296
0.401389
0.038557
0.393704
0.0365503
0.159953
0.31107
0.519237
0.825934
0.678752
0.427037
0.152811
0.255551
0.826328
0.724394
0.252503
0.174038
0.146018
0.209225
0.313821
0.516888
0.195056
0.0391647
0.825997
0.254925
0.275222
0.102983
0.303981
0.172965
0.123226
0.550817
0.660565
0.723301
0.27205
0.273446
0.187546
0.548607
0.411697
0.358749
0.133592
0.1321
0.290579
0.0194244
0.0753745
0.584866
0.0506648
0.24805
0.0450051
0.0446432
0.297764
0.129624
0.0384601
0.193792
0.875965
0.527103
0.880755
0.217059
0.506497
0.326948
0.142405
0.584081
0.475483
0.495644
0.489712
0.508093
0.747565
0.418335
0.0179094
0.239374
0.18281
0.107934
0.643615
0.231472
0.424698
0.171594
0.589936
0.0069306
0.0917978
0.294428
0.0332885
0.892617
0.261188
0.63001
0.0209961
0.0402986
0.686551
0.0953988
0.0514839
0.186522
0.111557
0.953623
0.596275
0.00823514
0.51877
0.0555657
0.552438
0.116101
0.257678
0.469631
0.2415
0.326627
0.409427
0.449461
0.362789
0.313604
0.548456
0.478893
0.436332
0.128973
0.631996
0.0178152
0.628962
0.284552
0.05392
0.098898
0.0293335
0.0772854
0.34856
0.507243
0.874938
0.366281
0.448103
0.355456
0.568446
0.555162
0.0391771
0.319463
0.0821473
0.00288283
0.230593
0.0928429
0.117576
0.428846
0.269349
0.001585
0.267591
0.0609752
0.0470028
0.0745359
0.0744296
0.182814
0.215416
0.50372
0.229451
0.00453686
0.693356
0.0776942
0.360577
0.112831
0.206821
0.809015
0.103783
0.131975
0.213889
0.35968
0.163342
0.882171
0.0634795
0.5926
0.243314
0.187881
0.347623
0.123096
0.0716637
0.0126262
0.281333
0.573084
0.259681
0.862927
0.576802
0.211304
0.13397
0.247796
0.180339
0.0952189
0.533154
0.426917
0.400114
0.0266786
0.121707
0.283661
0.440498
0.0171163
0.0573636
0.112726
0.0573551
0.750291
0.177883
0.0808634
0.232369
0.257697
0.102138
0.557921
0.464794
0.0352937
0.464622
0.433845
0.277392
0.499028
0.480788
0.137815
0.0213296
0.238249
0.101164
0.589593
0.398022
0.223834
0.417505
0.860656
0.0416084
0.369205
0.161439
0.424174
0.292237
0.138817
0.558433
0.0228463
0.524309
0.823891
0.57853
0.0791844
0.223533
0.12456
0.426482
0.38746
0.301539
0.18872
0.83486
0.0152688
0.229705
0.280342
0.235297
0.41532
0.646238
0.306785
0.817917
0.58352
0.474689
0.325848
0.251171
0.263626
0.240906
0.335717
0.572633
0.435593
0.161758
0.526022
0.693636
0.20774
0.462818
0.370327
0.110867
0.0603336
0.0313986
0.261583
0.346994
0.227211
0.518748
0.50912
0.732146
0.339089
0.241044
0.775322
0.522212
0.698627
0.156341
0.0872339
0.0605748
0.443975
0.48751
0.0507675
0.0469957
0.116336
0.280588
0.0157869
0.550635
0.127325
0.241449
0.641936
0.228727
0.0308513
0.0759006
0.656015
0.318174
0.0509583
0.0652444
0.0328941
0.104097
0.157606
0.620112
0.581164
0.703929
0.785574
0.544304
0.300041
0.653268
0.208322
0.235335
0.776746
0.334991
0.441043
0.873313
0.663064
0.481508
0.291514
0.425551
0.225544
0.626282
0.119013
0.566928
0.542316
0.241645
0.0345989
0.390053
0.66923
0.120595
0.127968
0.717616
0.122239
0.463564
0.375515
0.264972
0.452525
0.498028
0.283991
0.445922
0.0699884
0.510205
0.653044
0.218448
0.16223
0.280596
0.0853951
0.287932
0.644587
0.656307
0.0583276
0.494921
0.644827
0.106832
0.680103
0.0597416
0.0230987
0.782299
0.904604
0.30004
0.0369758
0.236632
0.308589
0.680278
0.059279
0.42132
0.71855
0.359012
0.107901
0.50516
0.547302
0.744744
0.369805
0.803573
0.494252
0.455499
0.0540216
0.202328
0.46294
0.481226
0.455203
0.267658
0.657221
0.183749
0.432712
0.680286
0.715675
0.131921
0.131545
0.316218
0.168823
0.254658
0.711076
0.626541
0.0497361
0.553389
0.736792
0.446997
0.314032
0.624974
0.7577
0.361568
0.709428
0.33789
0.452869
0.374407
0.881112
0.0491893
0.127472
0.0168603
0.227817
0.268328
0.912992
0.283243
0.863404
0.120832
0.651983
0.315766
0.100658
0.165336
0.241667
0.71574
0.177933
0.688503
0.0161205
0.245411
0.091447
0.272316
0.123315
0.261029
0.25635
0.0254081
0.342227
0.746067
0.428098
0.198467
0.248073
0.703252
0.487998
0.788396
0.735951
0.614646
0.048235
0.523843
0.218454
0.261649
0.132391
0.257362
0.595469
0.0896192
0.310513
0.689663
0.655633
0.445778
0.545625
0.471548
0.372471
0.110345
0.283765
0.169614
0.276733
0.501242
0.542149
0.748077
0.0972315
0.905501
0.210454
0.134857
0.132519
0.070935
0.618976
0.134897
0.0245607
0.800069
0.544589
0.109875
0.215833
0.283513
0.244432
0.0498769
0.159499
0.42698
0.0635824
0.701156
0.310376
0.592588
0.139848
0.419937
0.130466
0.0804202
0.17729
0.221213
0.61146
0.672042
0.391475
0.220828
0.644063
0.6082
0.601819
0.383253
0.130596
0.0177096
0.466077
0.904299
0.137133
0.386393
0.0557313
0.0508946
0.663512
0.071775
0.21384
0.811154
0.0495593
0.175762
0.665878
0.336978
0.478913
0.140053
0.0394446
0.00920089
0.0999159
0.203401
0.0682718
0.117011
0.179723
0.128873
0.151808
0.521376
0.193501
0.413403
0.478337
0.283107
0.24166
0.486881
0.115327
0.100864
0.023044
0.412469
0.514413
0.00824135
0.325466
0.764809
0.109503
0.720339
0.328056
0.571319
0.325709
0.8858
0.448303
0.178126
0.0667157
0.109716
0.743573
0.717443
0.449183
0.0648856
0.0104334
0.886426
0.0211522
0.329714
0.514487
0.418535
0.10697
0.385742
0.729402
0.0527128
0.842265
0.216392
0.423354
0.73054
0.0949582
0.20654
0.601797
0.423195
0.185859
0.0438421
0.22205
0.353372
0.358239
0.0760035
0.17878
0.146283
0.131044
0.242277
0.106134
0.168292
0.653189
0.182748
0.51057
0.0651614
0.211794
0.142925
0.390771
0.0270005
0.715512
0.326788
0.146906
0.32083
0.455206
0.403459
0.733063
0.835926
0.0682656
0.0881676
0.74181
0.137149
0.34244
0.502791
0.253893
0.236463
0.0233042
0.0715023
0.362461
0.414801
0.170382
0.164873
0.174614
0.256071
0.750152
0.411892
0.768576
0.408824
0.32994
0.451615
0.647828
0.415781
0.175142
0.236729
0.388571
0.145773
0.554978
0.0628259
0.658175
0.422115
0.270802
0.711185
0.137479
0.305153
0.016056
0.0563645
0.570738
0.281524
0.035582
0.72787
0.248877
0.483283
0.0402508
0.355425
0.840713
0.152022
0.229023
0.610759
0.412551
0.779147
0.440431
0.199444
0.0268903
0.276316
0.137435
0.587865
0.0306495
0.0397289
0.0704257
0.0677435
0.226082
0.914257
0.707276
0.42489
0.658398
0.293698
0.0635505
0.467224
0.590457
0.391395
0.18676
0.263575
0.0744783
0.531257
0.416954
0.605951
0.194434
0.838811
0.332033
0.379106
0.00111267
0.245029
0.164409
0.116425
0.40689
0.0197921
0.738657
0.300147
0.582858
0.288518
0.00386157
0.485352
0.385484
0.695324
0.741047
0.122131
0.404408
0.359659
0.20044
0.512861
0.313936
0.0230545
0.155302
0.0950459
0.141688
0.236802
0.480319
0.11309
0.404285
0.433479
0.233656
0.129458
0.517288
0.17734
0.141401
0.490194
0.328643
0.381171
0.0857147
0.690373
0.394815
0.264925
0.180048
0.635309
0.158887
0.147695
0.418458
0.289499
0.00225864
0.165857
0.106966
0.0510191
0.563739
0.140388
0.0781091
0.801424
0.00377917
0.627628
0.235916
0.0686995
0.829298
0.682991
0.205839
0.698224
0.145487
0.486397
0.104584
0.0832121
0.396234
0.13593
0.81755
0.425365
0.758975
0.254955
0.85279
0.825756
0.862552
0.673072
0.716352
0.791456
0.442969
0.572517
0.554618
0.0203419
0.120094
0.274739
0.595443
0.219917
0.0890719
0.0784111
0.663548
0.0698518
0.403668
0.248135
0.183678
0.387466
0.300676
0.66646
0.195309
0.0296591
0.294294
0.399144
0.259868
0.0329961
0.135212
0.013148
0.209079
0.084378
0.0963177
0.381901
0.15287
0.186867
0.0446044
0.095163
0.460963
0.754482
0.222525
0.115239
0.375474
0.301802
0.33077
0.182527
0.394038
0.403098
0.615022
0.702298
0.275723
0.582708
0.34104
0.345353
0.662822
0.10529
0.173769
0.577082
0.0280403
0.124741
0.233972
0.730647
0.115901
0.72669
0.166039
0.329666
0.123082
0.222935
0.219208
0.142078
0.309474
0.324228
0.0259599
0.200416
0.369228
0.712091
0.673587
0.370552
0.255805
0.552647
0.452144
0.685631
0.315399
0.380596
0.127086
0.567512
0.385538
0.399176
0.568235
0.498981
0.0388691
0.221177
0.739912
0.308508
0.258809
0.17441
0.312177
0.18126
0.204966
0.61584
0.297624
0.223102
0.278394
0.0574044
0.471852
0.258217
0.0719631
0.141422
0.171757
0.242319
0.0476861
0.168723
0.408036
0.386872
0.436188
0.416037
0.829298
0.508386
0.1261
0.0580092
0.231365
0.412223
0.325073
0.710094
0.160159
0.54534
0.222761
0.460855
0.33661
0.2934
0.456671
0.286458
0.473499
0.482094
0.909983
0.173448
0.0219473
0.212167
0.667527
0.0942243
0.140645
0.355548
0.436635
0.17155
0.18302
0.126939
0.000252429
0.465228
0.00792168
0.508106
0.671805
0.447198
0.268564
0.145492
0.227176
0.170634
0.157442
0.510067
0.0535234
0.0180059
0.147202
0.839223
0.0102791
0.220453
0.0658477
0.172242
0.0708348
0.707827
0.465428
0.227836
0.595982
0.348718
0.819716
0.118396
0.480878
0.156747
0.500054
0.464215
0.271363
0.583339
0.62488
0.42403
0.17854
0.479441
0.427873
0.653605
0.00567774
0.0574168
0.19277
0.198972
0.664493
0.356875
0.111129
0.342882
0.156781
0.176394
0.543393
0.629381
0.0407495
0.0985552
0.0340561
0.281022
0.0333217
0.189914
0.232671
0.585967
0.714516
0.802016
0.619361
0.160076
0.343252
0.0843461
0.695704
0.201101
0.204424
0.0191044
0.349013
0.112471
0.834851
0.401313
0.656135
0.539821
0.0260453
0.167582
0.898588
0.398485
0.093477
0.141461
0.45904
0.137514
0.2603
0.084639
0.154623
0.812229
0.208025
0.266796
0.542989
0.0981421
0.328274
0.133193
0.305168
0.328375
0.249638
0.285675
0.243703
0.258368
0.715717
0.224232
0.12034
0.0839305
0.149495
0.45707
0.396254
0.174583
0.579112
0.390968
0.356083
0.543579
0.382357
0.0525989
0.281818
0.492411
0.427219
0.368675
0.133474
0.368873
0.45027
0.292565
0.296103
0.156905
0.446732
0.122915
0.639305
0.94556
0.365469
0.174393
0.50098
0.114521
0.206051
0.160964
0.817742
0.192262
0.515451
0.0818255
0.0233752
0.3329
0.273353
0.577794
0.285166
0.442871
0.252927
0.265804
0.555702
0.610239
0.107397
0.518416
0.00627544
0.693411
0.207916
0.301272
0.39548
0.110268
0.0211376
0.0690277
0.0208337
0.183548
0.138857
0.428487
0.476629
0.508089
0.262422
0.781343
0.197252
0.306534
0.714722
0.210783
0.373926
0.0869926
0.391988
0.637013
0.508598
0.741604
0.0467659
0.428861
0.388547
0.00200878
0.523952
0.807102
0.70905
0.598524
0.10147
0.189653
0.766373
0.734888
0.249353
0.189522
0.143824
0.123161
0.0962656
0.313363
0.250868
0.190636
0.346727
0.385205
0.114789
0.53029
0.802423
0.404122
0.132003
0.0383011
0.557056
0.632311
0.770126
0.0187478
0.225863
0.716441
0.089589
0.653672
0.310666
0.594582
0.179813
0.594906
0.168055
0.177223
0.21591
0.0760232
0.058544
0.253979
0.216786
0.483217
0.066986
0.658646
0.0966011
0.863102
0.312489
0.0880835
0.581177
0.415433
0.155312
0.231609
0.452923
0.0543784
0.0414648
0.762063
0.71013
0.284565
0.254742
0.291089
0.395237
0.246055
0.0604079
0.272537
0.0124122
0.0885918
0.743246
0.199905
0.0495035
0.00694697
0.393118
0.147561
0.472878
0.12125
0.625037
0.285908
0.449245
0.0968155
0.483979
0.697096
0.119921
0.00821054
0.109013
0.265248
0.703524
0.0493565
0.0191516
0.46874
0.313777
0.668524
0.264295
0.13544
0.432157
0.413882
0.523949
0.130969
0.10567
0.404259
0.660326
0.249564
0.74542
0.635504
0.291708
0.00529227
0.187581
0.00702045
0.471341
0.120915
0.402018
0.830928
0.6277
0.48274
0.439072
0.536592
0.00717022
0.920545
0.240192
0.271456
0.593829
0.135759
0.123512
0.102643
0.588576
0.0781332
0.427066
0.0321767
0.14642
0.263856
0.0541618
0.397112
0.721386
0.29545
0.290192
0.678733
0.287373
0.15015
0.44782
0.256836
0.548722
0.0640923
0.201992
0.029952
0.72096
0.292349
0.148871
0.324916
0.210054
0.353387
0.5308
0.142455
0.302544
0.335817
0.300881
0.00917479
0.0839913
0.957579
0.449628
0.613165
0.655259
0.490377
0.179105
0.260963
0.739307
0.517352
0.40676
0.53886
0.434137
0.14692
0.415639
0.432339
0.389709
0.0160511
0.657522
0.146528
0.558607
0.453199
0.358988
0.740568
0.0173385
0.0182128
0.775117
0.394383
0.281893
0.371796
0.128465
0.0222963
0.221391
0.174183
0.164595
0.547716
0.132109
0.121665
0.443734
0.0250086
0.704647
0.213034
0.347957
0.173125
0.0662524
0.715624
0.73047
0.81617
0.295268
0.762934
0.0884302
0.0847949
0.138061
0.228366
0.35981
0.681024
0.598096
0.0893875
0.486754
0.542863
0.112777
0.630521
0.690925
0.30103
0.00972683
0.202412
0.0100958
0.621737
0.113523
0.306857
0.56433
0.0300379
0.54292
0.31614
0.178796
0.706356
0.170512
0.0241971
0.573025
0.363523
0.177414
0.810026
0.412614
0.605985
0.167496
0.268448
0.364834
0.532363
0.0467126
0.268929
0.113671
0.248017
0.0511216
0.205053
0.461485
0.541525
0.190925
0.157698
0.402953
0.282708
0.370668
0.222223
0.136043
0.0944113
0.0274304
0.735965
0.6426
0.0964522
0.115163
0.361304
0.251904
0.198733
0.0148773
0.724006
0.0081995
0.0172998
0.0710505
0.00594866
0.222133
0.125447
0.115693
0.38792
0.0837557
0.381172
0.333583
0.166068
0.349826
0.0199174
0.599238
0.271813
0.137577
0.405831
0.734675
0.17572
0.195617
0.65697
0.107339
0.4413
0.429642
0.215684
0.0717861
0.568133
0.13942
0.40024
0.374441
0.406985
0.110055
0.16471
0.224525
0.112044
0.284869
0.866288
0.505148
0.0199538
0.293629
0.0439645
0.148163
0.0615277
0.0075892
0.794514
0.322642
0.787194
0.0116983
0.333623
0.0309942
0.468636
0.403058
0.265354
0.0138711
0.372639
0.504112
0.645883
0.0910279
0.327958
0.0168916
0.0417686
0.421244
0.638355
0.507903
0.321568
0.835893
0.163029
0.277833
0.229107
0.416095
0.0719527
0.513252
0.0413204
0.44835
0.0796293
0.651711
0.376888
0.326081
0.047768
0.488938
0.0621742
0.591742
0.004875
0.747434
0.235707
0.451204
0.621679
0.147902
0.30113
0.233557
0.277482
0.0726666
0.585057
0.339225
0.539107
0.174401
0.393779
0.0935472
0.666125
0.349359
0.853998
0.74636
0.409164
0.317586
0.36183
0.425368
0.550211
0.00502933
0.197502
0.334219
0.156988
0.068212
0.0500906
0.368305
0.252429
0.0107871
0.0946112
0.438936
0.0302184
0.390662
0.0104039
0.575935
0.239995
0.152769
0.20335
0.0738445
0.154196
0.276354
0.192153
0.239004
0.328863
0.135614
0.312183
0.359593
0.505259
0.737031
0.0427186
0.171126
0.0932062
0.511571
0.596569
0.299377
0.705092
0.733746
0.800343
0.487376
0.425357
0.00418261
0.0894779
0.283363
0.512575
0.0205247
0.174508
0.572662
0.414928
0.350831
0.765811
0.95108
0.531797
0.575607
0.244415
0.158955
0.421987
0.00676695
0.1811
0.676938
0.0697743
0.0370422
0.42385
0.0304047
0.195656
0.226474
0.0430643
0.142015
0.199352
0.431801
0.274398
0.0402824
0.0689456
0.160104
0.0968569
0.0993543
0.174237
0.42035
0.552687
0.333135
0.137756
0.0181284
0.359657
0.185663
0.493488
0.142024
0.696921
0.0584679
0.33736
0.171747
0.02744
0.882313
0.729934
0.342118
0.504777
0.70199
0.0237009
0.22857
0.437959
0.207225
0.135781
0.175738
0.876631
0.173344
0.0987257
0.0889792
0.0644341
0.601011
0.082886
0.104182
0.355785
0.6615
0.259926
0.228309
0.441852
0.227331
0.603665
0.393946
0.383354
0.715544
0.682689
0.370302
0.314273
0.514751
0.347642
0.995261
0.0777562
0.648259
0.678135
0.385691
0.0222542
0.694652
0.562018
0.321296
0.23954
0.181373
0.0110289
0.0269209
0.0351217
0.40713
0.272281
0.00211431
0.478328
0.012673
0.0133516
0.235965
0.0919086
0.271433
0.50705
0.29367
0.74231
0.673883
0.201101
0.294635
0.195963
0.0697571
0.34496
0.247763
0.382555
0.37664
0.120921
0.186492
0.489558
0.208279
0.179723
0.604122
0.00148816
0.270515
0.189175
0.199829
0.423312
0.910146
0.141968
0.489624
0.216201
0.714866
0.470815
0.229243
0.1617
0.227834
0.386728
0.159003
0.447366
0.13316
0.361946
0.0583836
0.18432
0.330922
0.056123
0.711708
0.708042
0.135828
0.194212
0.107998
0.77193
0.432718
0.620052
0.241414
0.416476
0.526368
0.593032
0.00262226
0.653788
0.140501
0.607618
0.283563
0.773698
0.15907
0.422823
0.172284
0.811564
0.558697
0.0745854
0.397104
0.209144
0.326236
0.240274
0.267736
0.524856
0.678955
0.387337
0.92365
0.140226
0.256546
0.215975
0.0321594
0.824282
0.0936232
0.867289
0.518359
0.0870402
0.0864474
0.221182
0.321151
0.0252186
0.302562
0.44249
0.225801
0.0683459
0.231008
0.616419
0.0396415
0.442365
0.459631
0.180086
0.861825
0.248166
0.270529
0.201309
0.0422289
0.352351
0.419573
0.127979
0.124254
0.162128
0.346089
0.368354
0.40838
0.587792
0.547923
0.539901
0.00971224
0.88432
0.316569
0.0692755
0.704514
0.169407
0.77597
0.45003
0.624182
0.0133824
0.298638
0.36456
0.220096
0.0556427
0.6231
0.68026
0.269127
0.683044
0.0151001
0.206309
0.460704
0.117201
0.274052
0.0533471
0.502013
0.287792
0.0833955
0.155853
0.0932951
0.850028
0.106735
0.763304
0.0570172
0.580352
0.575337
0.0874851
0.652126
0.181611
0.112335
0.644408
0.0622308
0.0582765
0.790293
0.0266056
0.638554
0.0482735
0.335734
0.182511
0.0266128
0.07307
0.129293
0.678508
0.0696022
0.298439
0.697837
0.396162
0.508869
0.00270939
0.298588
0.0753415
0.561419
0.0279447
0.039504
0.789105
0.404267
0.666483
0.0100805
0.0822268
0.0132698
0.2223
0.293729
0.213956
0.288906
0.125811
0.0395722
0.492827
0.346548
0.258405
0.0451439
0.336136
0.701985
0.64414
0.112105
0.104257
0.0921999
0.119508
0.421191
0.415685
0.0494309
0.00973934
0.287658
0.10565
0.963158
0.517565
0.248407
0.335925
0.319528
0.644933
0.0694299
0.405817
0.254501
0.578246
0.303427
0.00667134
0.00593556
0.319426
0.443947
0.0540194
0.741479
0.10041
0.438934
0.166604
0.0337905
0.200858
0.448778
0.723202
0.536617
0.354232
0.0112757
0.252497
0.549178
0.315667
0.34546
0.130099
0.493323
0.585885
0.00959816
0.14161
0.233402
0.400976
0.0330035
0.0813375
0.0109843
0.46397
0.108598
0.0219099
0.376283
0.195404
0.1843
0.0354688
0.024851
0.232591
0.054682
0.0420984
0.163661
0.594513
0.0495278
0.86155
0.156221
0.305848
0.400656
0.391668
0.401669
0.370847
0.882758
0.542523
0.437961
0.969391
0.521851
0.0205528
0.515908
0.382869
0.266928
0.029828
0.212546
0.0207463
0.199416
0.288956
0.583067
0.0358602
0.101198
0.414417
0.207695
0.489054
0.503901
0.587838
0.172038
0.0627664
0.682771
0.424831
0.506806
0.576948
0.427918
0.0428083
0.484172
0.0386019
0.0817674
0.344095
0.0586165
0.109025
0.205826
0.0877537
0.646215
0.703494
0.301517
0.12184
0.248311
0.0399405
0.92368
0.544547
0.883677
0.767574
0.460754
0.367854
0.523332
0.209192
0.20813
0.108393
0.0763524
0.278218
0.338321
0.0454469
0.304912
0.0537946
0.104342
0.372883
0.0361482
0.485638
0.147886
0.312568
0.622944
0.501434
0.591956
0.112573
0.274742
0.0615965
0.423297
0.265682
0.364829
0.0792198
0.352446
0.580653
0.720002
0.656674
0.697204
0.901594
0.893148
0.467323
0.175264
0.305418
0.613547
0.409782
0.607091
0.580259
0.5365
0.373573
0.847772
0.350511
0.0690075
0.791974
0.0433427
0.20142
0.020262
0.370829
0.108992
0.0894135
0.0967407
0.634356
0.181775
0.420354
0.365427
0.493398
0.0405932
0.219473
0.0921152
0.0881081
0.224004
0.763541
0.263302
0.344984
0.225505
0.173992
0.243405
0.0663798
0.359608
0.680168
0.252619
0.590677
0.311903
0.280351
0.275469
0.544295
0.647406
0.351955
0.481679
0.531428
0.162812
0.502231
0.453586
0.0229188
0.276083
0.588221
0.789613
0.712424
0.555677
0.0318134
0.479581
0.095417
0.0390309
0.161906
0.315191
0.781006
0.150098
0.391213
0.0103016
0.379718
0.748905
0.00144115
0.740058
0.0106945
0.303183
0.184338
0.178758
0.314651
0.407158
0.0369628
0.279017
0.562365
0.302324
0.567098
0.493683
0.519051
0.117136
0.526167
0.0365911
0.0471659
0.0473974
0.245122
0.121155
0.023972
0.316962
0.176018
0.0377898
0.266619
0.260394
0.591224
0.202269
0.469435
0.95405
0.00164667
0.168832
0.269324
0.274937
0.0051192
0.103949
0.462292
0.288536
0.116865
0.47777
0.151181
0.477525
0.747672
0.504012
0.0160514
0.186685
0.410552
0.78937
0.0739175
0.579985
0.504474
0.47055
0.140814
0.0742626
0.263826
0.253973
0.1411
0.567538
0.103431
0.2861
0.597778
0.81481
0.462086
0.223205
0.413407
0.601791
0.268902
0.293799
0.371001
0.0824854
0.30504
0.0523987
0.282302
0.137542
0.0870676
0.201945
0.0448395
0.47254
0.128758
0.358407
0.598668
0.472691
0.00789341
0.686404
0.148988
0.619831
0.0450508
0.614627
0.389122
0.500302
0.027419
0.451404
0.147506
0.428449
0.743173
0.0494088
0.139304
0.168664
0.629603
0.0906178
0.0779954
0.561327
0.472105
0.369413
0.0721812
0.658471
0.659189
0.374416
0.315738
0.537114
0.00358663
0.711182
0.387279
0.29789
0.200292
0.640255
0.0195096
0.436765
0.170825
0.0580015
0.043142
0.616962
0.397151
0.527399
0.319512
0.365166
0.55614
0.578517
0.760836
0.295332
0.360571
0.164697
0.197013
0.880727
0.312228
0.414255
0.0992689
0.795651
0.591845
0.704684
0.0506672
0.575998
0.754531
0.278267
0.476215
0.616371
0.76971
0.215683
0.295359
0.652942
0.514009
0.522386
0.0752831
0.0868181
0.325382
0.278921
0.65903
0.166247
0.202471
0.0350197
0.013277
0.86681
0.0977343
0.524176
0.0819502
0.518411
0.510294
0.0358898
0.458496
0.342572
0.163731
0.572842
0.0885561
0.154944
0.082087
0.422607
0.367277
0.0886652
0.099586
0.39394
0.0477923
0.575287
0.250831
0.380726
0.377138
0.00969844
0.648554
0.148677
0.0237298
0.194437
0.258543
0.057469
0.835727
0.32891
0.0765566
0.706066
0.493582
0.0567719
0.050774
0.615429
0.645442
0.527725
0.248499
0.277366
0.890977
0.0282873
0.157889
0.378938
0.469686
0.108555
0.225083
0.298944
0.0662141
0.342442
0.332337
0.344649
0.280523
0.245432
0.95803
0.184169
0.0983037
0.379505
0.582182
0.602755
0.466781
0.674725
0.413893
0.0759638
0.184731
0.221114
0.172987
0.727553
0.023476
0.754358
0.474243
0.7039
0.362269
0.369403
0.397976
0.477515
0.442523
0.271484
0.586309
0.223483
0.112653
0.0759194
0.243191
0.832673
0.244826
0.0388122
0.821544
0.542499
0.0259407
0.0438722
0.367636
0.484357
0.5753
0.326446
0.100689
0.412956
0.245302
0.0848887
0.0229231
0.474888
0.692164
0.0408677
0.375244
0.00622532
0.262409
0.0670909
0.0464063
0.597047
0.458481
0.274236
0.0548623
0.268625
0.356425
0.291302
0.211286
0.12431
0.647881
0.589611
0.3719
0.134436
0.190203
0.0473938
0.721085
0.7608
0.279437
0.0812807
0.0196804
0.0286604
0.298505
0.0320734
0.0365147
0.421692
0.45088
0.190173
0.142419
0.168413
0.589213
0.409299
0.600817
0.953423
0.192485
0.547629
0.0400047
0.266229
0.245148
0.0743985
0.413634
0.658328
0.406457
0.659901
0.110804
0.340851
0.168806
0.855505
0.756235
0.320117
0.200007
0.046398
0.460406
0.0379745
0.101884
0.826834
0.075013
0.301599
0.339564
0.308459
0.295717
0.288898
0.575964
0.00597945
0.613912
0.686852
0.44983
0.807271
0.0209095
0.0125061
0.074217
0.317428
0.220002
0.924469
0.115863
0.235324
0.727201
0.623113
0.307071
0.119698
0.0213332
0.636554
0.135893
0.196239
0.12941
0.122851
0.661411
0.171667
0.171565
0.37832
0.754179
0.398824
0.618874
0.461018
0.0739387
0.623094
0.0547984
0.762274
0.565023
0.0812503
0.21244
0.291594
0.342332
0.0517627
0.341998
0.897921
0.319405
0.614321
0.512576
0.56362
0.660165
0.0056621
0.201716
0.0301561
0.366019
0.580758
0.23895
0.319197
0.602944
0.368954
0.5429
0.0152379
0.0309272
0.382662
0.519636
0.351172
0.383444
0.328176
0.397248
0.691155
0.303307
0.481675
0.365437
0.135595
0.0979689
0.943638
0.00771641
0.593878
0.253016
0.441241
0.136382
0.107873
0.62512
0.123224
0.34461
0.405462
0.569943
0.568151
0.646836
0.103611
0.481449
0.0692075
0.183168
0.323717
0.323429
0.00920407
0.893631
0.0056986
0.207192
0.00814504
0.169325
0.150453
0.322134
0.341899
0.499096
0.306561
0.14834
0.319527
0.251627
0.378308
0.419463
0.656564
0.524191
0.479681
0.645676
0.770892
0.723884
0.184689
0.283432
0.769612
0.0458182
0.17375
0.396421
0.706016
0.0764343
0.322398
0.0230768
0.584115
0.0276364
0.503985
0.469589
0.343957
0.228031
0.118651
0.941831
0.120048
0.146226
0.475979
0.00744466
0.182693
0.263938
0.279862
0.228686
0.571267
0.287786
0.0182752
0.822972
0.159401
0.369105
0.683401
0.206413
0.201472
0.166662
0.388394
0.312621
0.507033
0.177975
0.550938
0.0175233
0.189572
0.822359
0.458417
0.555032
0.40333
0.771925
0.0790796
0.0914697
0.756993
0.110428
0.190236
0.345692
0.0609084
0.424721
0.00443023
0.308836
0.588845
0.910631
0.0288762
0.398072
0.576009
0.169164
0.112038
0.133514
0.122709
0.178863
0.102809
0.103491
0.361708
0.543143
0.0662241
0.379709
0.0602025
0.000441065
0.916355
0.697521
0.289745
0.597796
0.778727
0.445263
0.23924
0.604316
0.132473
0.0672785
0.152403
0.493368
0.687005
0.14871
0.18125
0.30563
0.351359
0.670544
0.157214
0.0805501
0.226355
0.381754
0.363186
0.113417
0.092462
0.401593
0.799922
0.540019
0.719763
0.265652
0.809221
0.406481
0.540734
0.300078
0.601899
0.478698
0.593919
0.83482
0.276007
0.469257
0.342363
0.668362
0.040373
0.320271
0.0559416
0.430392
0.259991
0.666572
0.0408434
0.309442
0.702711
0.551113
0.0806679
0.107383
0.315702
0.675988
0.323138
0.730583
0.454484
0.640081
0.344504
0.581485
0.0252276
0.485918
0.700979
0.00651176
0.255439
0.444375
0.59083
0.0298546
0.265449
0.0310953
0.0349156
0.0138007
0.33159
0.124518
0.167261
0.235273
0.175774
0.0253782
0.570556
0.358778
0.0135361
0.656534
0.0719696
0.177583
0.394747
0.410398
0.590862
0.287697
0.619192
0.24556
0.521821
0.399303
0.0235756
0.430859
0.0820756
0.115573
0.407334
0.414145
0.691906
0.514247
0.324175
0.373255
0.0119458
0.377
0.0742738
0.289431
0.524358
0.214568
0.615526
0.149376
0.0892546
0.0504968
0.125904
0.473442
0.33885
0.0415613
0.561157
0.310491
0.709608
0.733432
0.47846
0.49923
0.464849
0.449677
0.196982
0.634957
0.235872
0.286488
0.606193
0.383647
0.451524
0.082979
0.543276
0.574374
0.368132
0.283991
0.901689
0.414057
0.402855
0.516941
0.075962
0.011802
0.142157
0.71231
0.833961
0.155328
0.642992
0.220876
0.223661
0.367517
0.498641
0.113989
0.0976317
0.338807
0.0774208
0.724232
0.226798
0.129904
0.307306
0.405465
0.688037
0.388307
0.737604
0.221771
0.039528
0.296703
0.505701
0.0582567
0.7572
0.733615
0.321636
0.489716
0.250807
0.243428
0.569004
0.651429
0.308679
0.246762
0.34805
0.618321
0.388964
0.111081
0.0791428
0.233963
0.0621963
0.0838665
0.190345
0.482529
0.00265131
0.845675
0.63694
0.321624
0.315688
0.310297
0.228307
0.624035
0.560344
0.599929
0.39515
0.20378
0.129307
0.392536
0.366026
0.485997
0.3907
0.261255
0.139608
0.0550607
0.28383
0.246311
0.104517
0.253311
0.199936
0.0100552
0.359279
0.584465
0.0630476
0.000946385
0.716147
0.267735
0.563343
0.176491
0.552448
0.206782
0.363445
0.294181
0.417104
0.428526
0.267906
0.526187
0.279251
0.165333
0.74007
0.254362
0.63441
0.168636
0.208855
0.447319
0.0726078
0.332101
0.448433
0.508972
0.214179
0.0267561
0.0973143
0.0105607
0.789831
0.384379
0.189053
0.621573
0.338938
0.712444
0.544317
0.379453
0.479389
0.45181
0.203158
0.215189
0.139821
0.309532
0.865698
0.624585
0.0277263
0.663355
0.740054
0.443686
0.046556
0.350158
0.50793
0.564564
0.482831
0.491406
0.334671
0.0816249
0.0542932
0.643003
0.572067
0.236078
0.20811
0.679132
0.33307
0.27337
0.396815
0.804769
0.60299
0.234847
0.0184171
0.0898354
0.478942
0.464442
0.454492
0.578321
0.732262
0.254627
0.334359
0.422929
0.581021
0.396057
0.659803
0.138813
0.311039
0.390196
0.77382
0.470431
0.628842
0.843801
0.0199715
0.359696
0.574508
0.231813
0.917569
0.126967
0.23318
0.508726
0.4135
0.126242
0.228176
0.549032
0.469339
0.789047
0.182704
0.366009
0.829652
0.114527
0.303265
0.165298
0.0306811
0.245223
0.182637
0.564655
0.148813
0.15216
0.669696
0.654306
0.283869
0.124735
0.0139401
0.537445
0.0205961
0.251504
0.406855
0.669009
0.565625
0.458291
0.671511
0.295774
0.419333
0.746522
0.103895
0.547427
0.545632
0.668213
0.431237
0.186531
0.467569
0.238502
0.24127
0.395703
0.259491
0.557852
0.28746
0.202698
0.403414
0.925046
0.709358
0.365198
0.130404
0.0529451
0.540087
0.141584
0.524034
0.0428327
0.00897905
0.0082037
0.281145
0.16907
0.773892
0.373111
0.271997
0.434975
0.000523297
0.910058
0.271007
0.189241
0.0809503
0.577271
0.0362322
0.221778
0.266715
0.274605
0.651466
0.584024
0.311319
0.246784
0.0182842
0.784314
0.261363
0.0742622
0.865913
0.562173
0.183428
0.19139
0.268654
0.180768
0.353453
0.449785
0.0799281
0.716007
0.194324
0.59534
0.549318
0.276775
0.304606
0.136499
0.0307787
0.531272
0.0193409
0.446171
0.0489938
0.615838
0.0117376
0.290707
0.45818
0.274215
0.22472
0.317762
0.631096
0.16124
0.429921
0.694644
0.138987
0.15943
0.66195
0.426392
0.547575
0.433484
0.753666
0.841959
0.157288
0.41585
0.469397
0.0579856
0.153959
0.507219
0.157825
0.385545
0.43252
0.0246156
0.225819
0.165195
0.624669
0.0555957
0.213903
0.121194
0.86586
0.0761968
0.0431736
0.904329
0.885474
0.457035
0.0755082
0.396157
0.374441
0.84524
0.482234
0.149028
0.711758
0.475825
0.795833
0.164933
0.311743
0.496023
0.505607
0.172016
0.220641
0.300617
0.468664
0.189675
0.415607
0.202704
0.950529
0.238473
0.0794029
0.138198
0.555623
0.399972
0.228486
0.0664581
0.303719
0.20407
0.0930849
0.781757
0.287632
0.237726
0.88815
0.824976
0.444896
0.352494
0.375916
0.206089
0.239672
0.472751
0.302457
0.553428
0.431703
0.372756
0.0964842
0.292377
0.054388
0.0279522
0.516051
0.00868731
0.0428901
0.475505
0.591971
0.448478
0.270951
0.0831882
0.560154
0.900548
0.124835
0.747297
0.821932
0.0175893
0.393368
0.177289
0.272731
0.303745
0.0187703
0.400059
0.345317
0.664011
0.915166
0.75436
0.527505
0.375662
0.588885
0.158929
0.873657
0.33403
0.573024
0.0609847
0.0744424
0.535405
0.0941827
0.0377956
0.558962
0.836439
0.124609
0.0325808
0.0719344
0.811812
0.489605
0.0907201
0.656985
0.672387
0.341546
0.425864
0.113408
0.390024
0.617717
0.424612
0.586908
0.577212
0.29228
0.16419
0.354148
0.199186
0.304794
0.100429
0.739644
0.84668
0.278358
0.0493102
0.0132173
0.0265785
0.529972
0.320445
0.390526
0.868273
0.101497
0.153039
0.818975
0.151731
0.311192
0.141172
0.0235506
0.4651
0.505573
0.824371
0.42112
0.774206
0.61294
0.603328
0.164219
0.468761
0.321968
0.421341
0.568148
0.17218
0.951884
0.316734
0.230671
0.882267
0.139466
0.215124
0.111749
0.41351
0.00421212
0.112589
0.513861
0.283278
0.0366117
0.361093
0.275852
0.262285
0.573279
0.396435
0.0986876
0.582476
0.0283182
0.287385
0.0204864
0.567603
0.375651
0.206217
0.277163
0.445842
0.2339
0.0901024
0.609068
0.863922
0.461672
0.217881
0.191075
0.16574
0.117176
0.879096
0.153171
0.239198
0.11972
0.555504
0.258126
0.84953
0.252245
0.112091
0.843335
0.331783
0.00246977
0.315656
0.00552076
0.0895836
0.123002
0.294751
0.0288139
0.310203
0.15874
0.598996
0.127219
0.597442
0.199038
0.711124
0.257599
0.459127
0.422865
0.373403
0.243516
0.536627
0.488471
0.250715
0.368545
0.240918
0.340454
0.863783
0.112658
0.64976
0.494143
0.552344
0.726229
0.223704
0.514215
0.350646
0.806115
0.207607
0.0160078
0.0667177
0.713545
0.604949
0.523802
0.598455
0.560251
0.265084
0.0662384
0.302978
0.423204
0.507977
0.0284025
0.159604
0.0860132
0.0794031
0.913228
0.668454
0.021619
0.793707
0.247508
0.30921
0.00445237
0.0354714
0.07966
0.603798
0.262182
0.499176
0.658418
0.225049
0.207768
0.211259
0.610053
0.665831
0.339506
0.442859
0.126779
0.612683
0.589601
0.0823479
0.641773
0.343052
0.490491
0.609467
0.017913
0.548144
0.618735
0.566718
0.312971
0.173744
0.294403
0.11253
0.763034
0.108153
0.991364
0.519624
0.127066
0.258218
0.22896
0.256131
0.52972
0.130615
0.871629
0.452204
0.73234
0.623176
0.0912814
0.0221242
0.112155
0.234614
0.371394
0.485906
0.190277
0.0180522
0.00402113
0.0692056
0.473738
0.118902
0.243597
0.507976
0.662793
0.682864
0.078558
0.4217
0.161435
0.284683
0.801826
0.478045
0.266145
0.319981
0.628502
0.294635
0.45841
0.400168
0.626735
0.123894
0.0905378
0.289883
0.739835
0.0381059
0.0226865
0.346441
0.232239
0.776185
0.247979
0.285243
0.591329
0.426424
0.213107
0.284932
0.0904153
0.335226
0.167401
0.319375
0.261211
0.0952457
0.0570312
0.829037
0.175793
0.524918
0.286152
0.239625
0.111842
0.0856759
0.42622
0.0358339
0.437618
0.416046
0.288701
0.0556587
0.0223833
0.270626
0.591554
0.352996
0.00371363
0.0483439
0.0058519
0.151292
0.314176
0.179577
0.548113
0.635288
0.190691
0.245829
0.292038
0.306091
0.764652
0.580207
0.446421
0.375124
0.596716
0.447195
0.181381
0.554602
0.44813
0.743759
0.0129903
0.427888
0.240651
0.254998
0.499189
0.821453
0.00901973
0.822017
0.542766
0.677693
0.130577
0.238625
0.0488445
0.365542
0.163563
0.0820807
0.619968
0.044043
0.41746
0.229368
0.281542
0.186977
0.504881
0.211706
0.140031
0.472517
0.688706
0.252592
0.149283
0.0749928
0.278088
0.332037
0.526207
0.809405
0.22522
0.23579
0.129781
0.0405781
0.104982
0.068929
0.0336875
0.248315
0.560805
0.220672
0.189511
0.244964
0.0943718
0.130949
0.174827
0.745676
0.425459
0.342906
0.298603
0.418966
0.695817
0.357875
0.0503596
0.506539
0.281922
0.43997
0.444607
0.27117
0.116996
0.760998
0.341418
0.356086
0.474117
0.721209
0.551566
0.361051
0.339948
0.161299
0.00107836
0.0573415
0.0521438
0.533027
0.626163
0.237978
0.886351
0.931481
0.534135
0.224674
0.00781437
0.220265
0.0126712
0.248828
0.201682
0.047794
0.428572
0.600435
0.44683
0.455241
0.365223
0.311894
0.0805399
0.0542588
0.210043
0.0385554
0.0620065
0.358917
0.228538
0.628233
0.525127
0.494887
0.604056
0.401527
0.142616
0.361627
0.180634
0.382234
0.154681
0.681933
0.60387
0.171395
0.346855
0.0830846
0.499659
0.0783023
0.580498
0.0480621
0.440758
0.049562
0.938512
0.359377
0.0451688
0.213688
0.435323
0.923914
0.681062
0.418465
0.0711742
0.410529
0.240908
0.0861985
0.280676
0.052377
0.664245
0.388904
0.171249
0.583231
0.26285
0.0749594
0.193902
0.498441
0.259321
0.327914
0.275791
0.26739
0.531031
0.135396
0.164345
0.461595
0.0377659
0.488269
0.0224636
0.580182
0.343918
0.218774
0.265595
0.184411
0.385307
0.0398481
0.484046
0.657199
0.21179
0.0274526
0.686622
0.729869
0.0421162
0.690224
0.238697
0.0424299
0.498841
0.481811
0.0749195
0.176319
0.270735
0.461042
0.00832805
0.551695
0.54499
0.452616
0.247553
0.0320957
0.769886
0.740712
0.0790583
0.0821457
0.563071
0.346924
0.00981588
0.234213
0.372833
0.22932
0.135644
0.0460821
0.16719
0.204637
0.392225
0.30846
0.0355166
0.0936975
0.18184
0.935862
0.364897
0.0957628
0.164044
0.308502
0.231537
0.204445
0.253544
0.127758
0.167516
0.427756
0.340883
0.0316502
0.284161
0.253966
0.222249
0.606574
0.569359
0.224884
0.628736
0.580722
0.77901
0.752363
0.528166
0.117867
0.435735
0.659425
0.485844
0.775971
0.426158
0.720248
0.68787
0.295155
0.441924
0.467923
0.0601853
0.865921
0.218925
0.559326
0.3866
0.103495
0.00862321
0.239889
0.356453
0.691195
0.532097
0.0205592
0.193929
0.110144
0.313479
0.775304
0.0465351
0.092419
0.801902
0.0345937
0.636491
0.0202347
0.702552
0.390933
0.0473444
0.143397
0.576118
0.326626
0.539148
0.79117
0.491277
0.117078
0.327384
0.0660442
0.140301
0.163041
0.373062
0.145886
0.105492
0.152297
0.308699
0.154605
0.365561
0.442498
0.266561
0.318522
0.190961
0.289987
0.317365
0.51474
0.00354097
0.103308
0.437708
0.217891
0.225969
0.583145
0.87381
0.795961
0.766801
0.62057
0.128245
0.0322967
0.329593
0.219011
0.115743
0.454217
0.763306
0.69785
0.0280987
0.0964924
0.0986338
0.56735
0.672476
0.174554
0.0605289
0.298142
0.0231988
0.176112
0.255911
0.271301
0.213415
0.104932
0.0430997
0.424504
0.28407
0.0219909
0.0983181
0.292479
0.793774
0.365551
0.540839
0.514546
0.0306966
0.424686
0.202134
0.530086
0.248317
0.501625
0.798833
0.554757
0.342562
0.551839
0.707296
0.0569581
0.572661
0.0891397
0.370133
0.293489
0.721011
0.594737
0.792678
0.584982
0.179992
0.934207
0.0308957
0.485208
0.31461
0.0800388
0.0754663
0.473022
0.750308
0.453501
0.432675
0.158498
0.427142
0.205598
0.343679
0.490963
0.111002
0.0369187
0.0785777
0.0509724
0.655684
0.12107
0.315571
0.133764
0.661001
0.225744
0.0081065
0.0349972
0.438116
0.0179311
0.725087
0.583671
0.119166
0.0671772
0.38808
0.311757
0.176943
0.140765
0.515288
0.304822
0.36734
0.56162
0.127396
0.592114
0.180553
0.806909
0.463667
0.145269
0.156561
0.0610025
0.37076
0.129645
0.79613
0.00913261
0.0480532
0.65693
0.531082
0.00894417
0.350062
0.153961
0.366449
0.560496
0.0587059
0.095382
0.12685
0.327471
0.735907
0.0318757
0.154967
0.708555
0.289977
0.22502
0.964817
0.509444
0.332872
0.453153
0.263688
0.490597
0.580827
0.490473
0.100614
0.205322
0.511649
0.659309
0.785681
0.249913
0.172421
0.878006
0.42189
0.130617
0.149642
0.770993
0.071433
0.326444
0.389418
0.395342
0.305103
0.400852
0.729467
0.151714
0.539503
0.627555
0.420032
0.349606
0.263314
0.104649
0.525849
0.748707
0.0698527
0.372688
0.0391182
0.328447
0.137053
0.0822638
0.483401
0.165166
0.0348404
0.589335
0.222617
0.502724
0.17899
0.904685
0.177655
0.234127
0.0761731
0.0394652
0.187406
0.708268
0.205586
0.435945
0.22531
0.0425806
0.337003
0.587307
0.794078
0.541373
0.462326
0.147684
0.0839305
0.228387
0.442684
0.0192577
0.504358
0.406127
0.444904
0.816583
0.553903
0.190133
0.151994
0.0388345
0.714814
0.400599
0.0326921
0.022992
0.32625
0.100679
0.400593
0.687469
0.0831353
0.0527877
0.752879
0.115875
0.447499
0.23736
0.292905
0.681808
0.28398
0.556329
0.170198
0.334707
0.353901
0.0780349
0.256125
0.655881
0.328045
0.856103
0.404405
0.089726
0.0620154
0.650725
0.817857
0.0581867
0.572821
0.334377
0.201072
0.824238
0.483448
0.174649
0.127393
0.542472
0.0539153
0.216948
0.227486
0.245995
0.0730893
0.20856
0.614869
0.258124
0.231938
0.328566
0.156206
0.0912155
0.265926
0.0185155
0.367382
0.868104
0.089307
0.569673
0.141645
0.13924
0.379218
0.538931
0.224092
0.343958
0.234117
0.106179
0.157968
0.457582
0.725018
0.299899
0.119825
0.455192
0.108275
0.118481
0.422131
0.26031
0.0890096
0.163555
0.52577
0.457241
0.0665097
0.707233
0.0335721
0.0721313
0.0799418
0.413025
0.114546
0.411657
0.155373
0.865232
0.524328
0.29139
0.034811
0.275729
0.064554
0.270417
0.309501
0.331254
0.443044
0.686355
0.402309
0.0380466
0.134125
0.0263543
0.114785
0.66925
0.341218
0.402671
0.067789
0.795976
0.159691
0.621272
0.0299355
0.0929325
0.403104
0.697875
0.535507
0.297468
0.209339
0.851155
0.521199
0.945764
0.344226
0.0369404
0.233383
0.679984
0.129869
0.00811108
0.397915
0.298699
0.0467314
0.746239
0.0378692
0.378764
0.414293
0.161351
0.0863977
0.256972
0.359401
0.590061
0.550191
0.438484
0.389596
0.52257
0.824131
0.0485111
0.0134863
0.0736022
0.30898
0.261825
0.251721
0.767505
0.151873
0.0487188
0.165108
0.433578
0.108727
0.0605068
0.321598
0.28601
0.0884872
0.421117
0.233438
0.417775
0.101309
0.283973
0.255567
0.64782
0.457336
0.043301
0.0477479
0.305598
0.347764
0.35644
0.692935
0.161316
0.66399
0.396178
0.71834
0.426543
0.165676
0.266148
0.267518
0.247194
0.0792416
0.0812301
0.866535
0.352928
0.17145
0.215798
0.312765
0.103732
0.522593
0.137114
0.225503
0.623087
0.584546
0.0267814
0.639381
0.27608
0.162817
0.645821
0.0161977
0.01518
0.22298
0.503364
0.14387
0.0692837
0.352375
0.201852
0.434882
0.440357
0.957157
0.354202
0.472838
0.00481326
0.379189
0.315072
0.0428565
0.0654567
0.530166
0.49022
0.198023
0.310838
0.480746
0.121937
0.594728
0.223231
0.436192
0.436915
0.419917
0.394705
0.115155
0.725637
0.104517
0.409515
0.176822
0.295033
0.186532
0.17235
0.371995
0.269735
0.307055
0.0671127
0.0109036
0.134258
0.217789
0.356614
0.17913
0.517675
0.423064
0.475558
0.671805
0.0711011
0.377241
0.0431163
0.236881
0.280187
0.290293
0.0575888
0.158454
0.330292
0.688491
0.431514
0.199778
0.726177
0.811
0.45243
0.585825
0.397731
0.0503219
0.13666
0.72871
0.252562
0.84163
0.161345
0.222612
0.573617
0.182417
0.6805
0.122625
0.123241
0.291464
0.155585
0.259179
0.0485923
0.917917
0.728652
0.583839
0.125929
0.645896
0.217802
0.735445
0.103026
0.293769
0.987514
0.680276
0.0485733
0.320329
0.348868
0.543303
0.481512
0.0636044
0.219546
0.0540538
0.235003
0.391526
0.413368
0.133647
0.216664
0.028173
0.579618
0.481486
0.390606
0.095013
0.063994
0.11804
0.637754
0.648708
0.618263
0.0890027
0.341424
0.413932
0.262475
0.264901
0.612034
0.184249
0.429978
0.484431
0.313294
0.472532
0.514285
0.089399
0.252871
0.114982
0.233584
0.0317012
0.0643866
0.0495924
0.644708
0.519496
0.680751
0.515135
0.320007
0.100592
0.241788
0.162777
0.168285
0.361832
0.0767636
0.510975
0.573007
0.328707
0.0387928
0.791078
0.224863
0.0668148
0.33242
0.00106902
0.225782
0.536509
0.753836
0.0951699
0.554386
0.21584
0.601353
0.238783
0.0367527
0.230053
0.323932
0.137404
0.0266517
0.360968
0.299262
0.342025
0.295962
0.496601
0.0858645
0.337152
0.289629
0.239053
0.147099
0.363601
0.221077
0.449436
0.472096
0.169274
0.642659
0.17199
0.0193718
0.116126
0.534853
0.0421798
0.555652
0.118031
0.107897
0.214819
0.522558
0.231321
0.355128
0.186494
0.0777511
0.502219
0.0938514
0.403346
0.122925
0.559643
0.1641
0.255681
0.438338
0.787957
0.108916
0.0406199
0.859449
0.895654
0.194785
0.537562
0.534066
0.241962
0.314818
0.10856
0.207967
0.600085
0.800289
0.448719
0.675971
0.0375884
0.197084
0.23379
0.121669
0.143949
0.375572
0.0591537
0.61708
0.499998
0.534221
0.243628
0.610035
0.313948
0.1533
0.458377
0.124447
0.709226
0.343937
0.448551
0.424957
0.16821
0.169195
0.171327
0.888987
0.445189
0.0884178
0.250637
0.225187
0.307668
0.32912
0.276017
0.125585
0.435581
0.196224
0.279154
0.508384
0.408049
0.586559
0.0504804
0.339232
0.767377
0.563743
0.499632
0.0556125
0.0445237
0.0406538
0.0475432
0.280141
0.285682
0.313707
0.357081
0.100131
0.406951
0.271841
0.0246202
0.528542
0.25662
0.347344
0.429304
0.744917
0.00259655
0.772599
0.379835
0.239479
0.00296919
0.581436
0.300415
0.66785
0.178073
0.0482777
0.202697
0.229485
0.598916
0.451372
0.676476
0.0976231
0.632279
0.735913
0.234344
0.248703
0.306579
0.296871
0.665913
0.0826664
0.449103
0.253943
0.0297218
0.478663
5.13083e-05
0.0433035
0.0621193
0.492796
0.0263034
0.783321
0.0176013
0.204316
0.589101
0.442609
0.104972
0.353039
0.0505832
0.0918737
0.65898
0.362859
0.139702
0.43357
0.134856
0.237714
0.0771734
0.617801
0.0737606
0.131582
0.581364
0.311276
0.214539
0.543345
0.273678
0.0847769
0.550347
0.0584794
0.234275
0.633783
0.973916
0.154329
0.897467
0.478294
0.35555
0.247968
0.0405755
0.679455
0.336509
0.449006
0.065338
0.0445258
0.149189
0.753194
0.0809147
0.145242
0.206891
0.175639
0.0630932
0.413086
0.0793656
0.713747
0.226444
0.56124
0.306424
0.14471
0.784377
0.646315
0.146763
0.385245
0.0230644
0.670828
0.806166
0.129782
0.693772
0.0519221
0.0351988
0.828196
0.395839
0.0616158
0.0889955
0.291644
0.368229
0.00182767
0.0683696
0.00919602
0.394445
0.924281
0.281572
0.627654
0.983679
0.51826
0.531594
0.715293
0.384431
0.563756
0.389256
0.379093
0.353865
0.121383
0.145827
0.116375
0.606805
0.400128
0.257368
0.567977
0.273605
0.106445
0.0465462
0.125715
0.429297
0.226289
0.0556411
0.0899281
0.585157
0.508964
0.693496
0.87898
0.142383
0.168602
0.261247
0.0144542
0.15578
0.735344
0.107122
0.436391
0.252014
0.49029
0.182824
0.0550308
0.415478
0.248883
0.424846
0.082879
0.231986
0.292274
0.890198
0.529199
0.222188
0.244084
0.466435
0.48506
0.296839
0.52862
0.358276
0.204276
0.437252
0.74024
0.212553
0.0158085
0.401216
0.484608
0.0955005
0.413641
0.0947011
0.452694
0.0700673
0.00667592
0.384457
0.311745
0.083882
0.109415
0.374905
0.317094
0.558344
0.0745912
0.550501
0.657018
0.259905
0.191611
0.297212
0.509821
0.788206
0.767078
0.708451
0.610393
0.157003
0.515591
0.260086
0.308947
0.449063
0.288788
0.103447
0.108903
0.257921
0.313409
0.0477262
0.561994
0.61825
0.219369
0.783959
0.131477
0.188707
0.00586239
0.0775785
0.469215
0.714122
0.394067
0.0508411
0.0290305
0.13327
0.520313
0.280886
0.221074
0.0386962
0.255299
0.0107149
0.171297
0.213236
0.427365
0.0269706
0.107109
0.80858
0.380275
0.148655
0.391537
0.113613
0.5096
0.175409
0.18607
0.319194
0.087744
0.286072
0.00913034
0.558927
0.124598
0.173224
0.524615
0.423884
0.163231
0.515413
0.436949
0.265663
0.483567
0.106409
0.4777
0.471876
0.24871
0.398315
0.273467
0.129741
0.390618
0.400582
0.0877559
0.243315
0.774603
0.273706
0.410386
0.19228
0.253335
0.588871
0.500575
0.716148
0.427731
0.540631
0.199266
0.209564
0.452394
0.222844
0.355565
0.467015
0.397399
0.448531
0.0305554
0.740619
0.305076
0.473871
0.428935
0.623211
0.422221
0.0743898
0.435186
0.652851
0.025846
0.364523
0.338412
0.116385
0.232783
0.116969
0.400188
0.570843
0.348624
0.104961
0.494628
0.15284
0.10808
0.0829621
0.90766
0.0814371
0.211211
0.474452
0.482016
0.213035
0.460694
0.0427672
0.0465351
0.164088
0.742294
0.7057
0.169817
0.324645
0.507669
0.623261
0.522462
0.0167163
0.669109
0.680186
0.290834
0.423712
0.889343
0.397919
0.640392
0.169379
0.139761
0.417204
0.767199
0.497452
0.738717
0.716664
0.0638281
0.0612766
0.718155
0.208877
0.0931993
0.202301
0.0287969
0.0082308
0.776318
0.82945
0.0186176
0.446474
0.635523
0.301472
0.71917
0.738723
0.247387
0.88964
0.174249
0.645298
0.409326
0.0979834
0.0422991
0.397017
0.742041
0.175004
0.0891321
0.168516
0.250953
0.686294
0.439072
0.420668
0.0954896
0.649222
0.490507
0.480481
0.0185409
0.324692
0.495418
0.59658
0.269964
0.0179716
0.372304
0.728259
0.0235229
0.350991
0.0397131
0.485597
0.330501
0.036468
0.246646
0.188714
0.264597
0.477387
0.307218
0.15535
0.189649
0.408238
0.163807
0.238453
0.068758
0.488018
0.41068
0.316541
0.00444233
0.419201
0.369243
0.748224
0.244852
0.605049
0.340706
0.141655
0.116701
0.0754845
0.226391
0.73855
0.438883
0.639765
0.210126
0.513511
0.301415
0.616965
0.904275
0.063902
0.662013
0.560416
0.100157
0.249615
0.202301
0.218162
0.869309
0.704585
0.80441
0.713507
0.823782
0.287164
0.30756
0.289487
0.49132
0.126042
0.242673
0.086604
0.211917
0.140292
0.186233
0.173982
0.103222
0.399429
0.496741
0.639052
0.0551767
0.0212871
0.266601
0.0173085
0.0857405
0.781319
0.535887
0.0537574
0.192706
0.364113
0.0206874
0.171969
0.0931123
0.751891
0.722732
0.196446
0.109602
0.385751
0.581221
0.32592
0.296684
0.098761
0.0371516
0.223202
0.380749
0.434372
0.00882537
0.448559
0.349074
0.206397
0.410506
0.154644
0.010174
0.02406
0.319242
0.0182642
0.172251
0.503731
0.605481
0.389039
0.335103
0.0344725
0.258444
0.50079
0.0202173
0.373174
0.777652
0.0583536
0.517224
0.236692
0.552999
0.449646
0.306513
0.518414
0.296567
0.283386
0.71861
0.404527
0.498499
0.134392
0.309171
0.135731
0.771236
0.488188
0.0170079
0.0668919
0.020701
0.153294
0.551279
0.173575
0.0620098
0.254204
0.154864
0.194119
0.0785533
0.636854
0.508958
0.605149
0.386247
0.398352
0.0840112
0.0419196
0.0714818
0.163347
0.207755
0.19753
0.0773624
0.363096
0.754244
0.457612
0.133709
0.244074
0.507515
0.147418
0.165549
0.145342
0.192395
0.254112
0.366066
0.0943632
0.541211
0.189852
0.0786807
0.955695
0.0742608
0.538375
0.619792
0.243748
0.423789
0.212956
0.462817
0.158425
0.10602
0.611155
0.601406
0.0632772
0.590238
0.367458
0.0020253
0.166734
0.143862
0.491579
0.0603708
0.494814
0.638227
0.784879
0.621106
0.42662
0.783635
0.221323
0.136688
0.536471
0.0662032
0.65593
0.420219
0.86068
0.526766
0.276313
0.16692
0.841347
0.393446
0.648258
0.334431
0.117788
0.0410506
0.160023
0.099225
0.290609
0.349951
0.0873512
0.0089857
0.716758
0.316803
0.390955
0.0964913
0.176617
0.111271
0.426154
0.654076
0.394018
0.321445
0.349995
0.328348
0.0946341
0.101861
0.0735149
0.627847
0.530051
0.228783
0.254121
0.202802
0.27278
0.457643
0.0919776
0.158113
0.323988
0.199075
0.423806
0.0819367
0.416691
0.263988
0.210714
0.322311
0.561633
0.402086
0.420503
0.357758
0.208937
0.342292
0.367163
0.551039
0.462861
0.55476
0.130716
0.321108
0.316645
0.551143
0.448951
0.163019
0.29007
0.00611608
0.033696
0.170869
0.212562
0.0336685
0.448231
0.664395
0.603852
0.599023
0.119919
0.166933
0.157515
0.149937
0.467782
0.639452
0.601214
0.0833172
0.492356
0.331603
0.396301
0.372551
0.160563
0.313281
0.0627908
0.0752261
0.138761
0.545587
0.621332
0.0562117
0.0316595
0.191543
0.319075
0.09209
0.508022
0.201567
0.100547
0.115861
0.772591
0.0252537
0.00309965
0.194477
0.346141
0.0628326
0.128434
0.0491175
0.127726
0.652536
0.666432
0.606714
0.161543
0.658349
0.485249
0.0452214
0.693213
0.0859707
0.190324
0.538648
0.34409
0.187901
0.268263
0.356648
0.420993
0.123337
0.5172
0.333469
0.702857
0.21222
0.220948
0.275273
0.102383
0.753385
0.199097
0.241681
0.00747981
0.580779
0.267257
0.0314334
0.605336
0.483685
0.217629
0.186935
0.938463
0.0836764
0.304464
0.629128
0.00852839
0.933393
0.335146
0.141279
0.102959
0.352042
0.0621204
0.776519
0.0972939
0.432043
0.131037
0.0131845
0.0511111
0.568609
0.670511
0.460093
0.122457
0.482928
0.069128
0.638644
0.71222
0.394863
0.0696284
0.513642
0.253807
0.442991
0.864174
0.904532
0.10353
0.417684
0.164732
0.390816
0.0678686
0.623793
0.665034
0.175584
0.456353
0.0816435
0.657568
0.089904
0.158321
0.0617682
0.305222
0.262385
0.315086
0.607773
0.640051
0.211836
0.167662
0.0106787
0.138025
0.131532
0.034817
0.291963
0.830784
0.0533399
0.0025437
0.877292
0.12166
0.603465
0.080225
0.856475
0.0547611
0.277295
0.529561
0.585657
0.277203
0.118921
0.113968
0.543308
0.404964
0.281502
0.502159
0.301033
0.286065
0.0716877
0.517978
0.490702
0.0521875
0.588925
0.0980685
0.0214314
0.260931
0.128533
0.0286091
0.153867
0.495116
0.453109
0.283433
0.561951
0.214554
0.506015
0.935248
0.202234
0.539275
0.105427
0.140919
0.130466
0.212668
0.256492
0.676993
0.0396527
0.209849
0.236352
0.736975
0.465474
0.638582
0.637847
0.450856
0.233019
0.449739
0.638924
0.176589
0.498585
0.428422
0.74897
0.407826
0.239556
0.896367
0.563954
0.40349
0.199765
0.131083
0.442337
0.255493
0.510765
0.0789116
0.207265
0.0162315
0.0353275
0.144908
0.52256
0.849018
0.125634
0.0202714
0.624571
0.422334
0.275689
0.0885911
0.427508
0.52003
0.105959
0.168424
0.371262
0.0944078
0.463263
0.595521
0.876217
0.0974747
0.0104159
0.689886
0.519654
0.480281
0.936461
0.0407562
0.0635012
0.169584
0.347698
0.943535
0.113229
0.45145
0.361184
0.824806
0.531129
0.145839
0.584773
0.126186
0.071945
0.317188
0.900617
0.160273
0.092563
0.275172
0.629777
0.520441
0.345643
0.442984
0.632208
0.687092
0.423621
0.827996
0.250969
0.261154
0.828616
0.0350482
0.265502
0.375329
0.396372
0.47313
0.0692512
0.0548901
0.117916
0.42859
0.261751
0.565725
0.496491
0.10149
0.249629
0.301672
0.0676036
0.28535
0.0258039
0.444432
0.397272
0.0517758
0.517077
0.0993953
0.064867
0.585407
0.038775
0.136702
0.641738
0.436551
0.172774
0.421309
0.194621
0.307527
0.105716
0.0379032
0.386755
0.0731349
0.640228
0.0980543
0.346599
0.253426
0.0141431
0.554421
0.735159
0.164589
0.16601
0.214615
0.216311
0.679164
0.533016
0.0335683
0.372496
0.484897
0.165073
0.278423
0.0545136
0.184862
0.33968
0.232806
0.771577
0.53711
0.0330931
0.0572864
0.232688
0.578079
0.518783
0.201218
0.0916218
0.0569298
0.111775
0.494955
0.165038
0.277708
0.0576301
0.379477
0.141116
0.187171
0.731641
0.022407
0.154208
0.75434
0.798687
0.43374
0.138198
0.309939
0.296209
0.189125
0.530539
0.341195
0.0748413
0.0252499
0.277218
0.777498
0.588338
0.368702
0.50218
0.56989
0.171212
0.111871
0.043328
0.529
0.0921126
0.721597
0.138699
0.528602
0.858158
0.231507
0.2495
0.528153
0.385324
0.529645
0.113038
0.232364
0.715115
0.109431
0.193351
0.104481
0.653103
0.444887
0.0263631
0.271381
0.171541
0.19775
0.742817
0.280559
0.683821
0.0300397
0.0735129
0.332821
0.0789858
0.281102
0.0137458
0.0870625
0.444635
0.142078
0.578665
0.0190123
0.505131
0.263593
0.220938
0.652386
0.0198571
0.0305408
0.514184
0.66973
0.0235971
0.089636
0.607538
0.609223
0.25959
0.309861
0.79013
0.457456
0.0900349
0.447165
0.129113
0.508754
0.353834
0.366213
0.0509013
0.164971
0.246051
0.295231
0.638638
0.109656
0.379246
0.249483
0.234889
0.265392
0.0639751
0.36873
0.10712
0.141463
0.409317
0.194372
0.795608
0.167083
0.624837
0.764408
0.0948071
0.794492
0.00736165
0.124215
0.232752
0.67627
0.0924727
0.361964
0.126166
0.427644
0.325349
0.546152
0.00349057
0.225704
0.647973
0.274798
0.0705884
0.314714
0.267892
0.674724
0.511136
0.101952
0.215509
0.31095
0.195011
0.842694
0.100684
0.364541
0.288531
0.638808
0.423133
0.175942
0.0890692
0.457621
0.364162
0.209116
0.139443
0.946596
0.484801
0.0283416
0.0111643
0.0432686
0.375837
0.0774866
0.492955
0.0143527
0.381394
0.794873
0.386712
0.00607185
0.634119
0.282182
0.758189
0.226859
0.59128
0.612884
0.240363
0.0368156
0.0300319
0.23332
0.00758678
0.228351
0.582322
0.416878
0.350022
0.299775
0.0679427
0.63848
0.344508
0.580741
0.393686
0.1007
0.120466
0.15406
0.00894475
0.504924
0.597588
0.607968
0.058823
0.245189
0.0842604
0.0411544
0.462037
0.00287913
0.110337
0.83924
0.280932
0.0247968
0.0910589
0.459926
0.43837
0.829587
0.229837
0.0268457
0.344184
0.367188
0.176625
0.598652
0.195439
0.413996
0.118905
0.442264
0.162131
0.0839056
0.0804304
0.262502
0.0731865
0.0777796
0.0818516
0.304177
0.0816192
0.688635
0.307511
0.530275
0.00833926
0.455143
0.351452
0.621973
0.0639042
0.0947898
0.00858977
0.482892
0.616468
0.351585
0.0572731
0.202595
0.250914
0.187426
0.187024
0.152527
0.658306
0.542623
0.51326
0.0960067
0.686387
0.258272
0.602302
0.0809949
0.425897
0.20541
0.052218
0.0553451
0.78932
0.382389
0.274548
0.358371
0.300306
0.46712
0.107125
0.0150538
0.463875
0.255125
0.678062
0.54572
0.909398
0.788016
0.271166
0.518056
0.152652
0.2905
0.0446628
0.63996
0.326315
0.873399
0.309981
0.0452263
0.158404
0.263704
0.00292609
0.544442
0.136638
0.102066
0.186955
0.218919
0.175193
0.568077
0.000935488
0.00150954
0.706336
0.269912
0.29138
0.0543343
0.0532488
0.336358
0.337749
0.779702
0.237401
0.102593
0.0419519
0.244404
0.61778
0.311995
0.456967
0.419918
0.658423
0.362437
0.0172581
0.241235
0.516577
0.231115
0.674895
0.063456
0.3702
0.363351
0.0258863
0.000174638
0.711061
0.33156
0.407383
0.641431
0.76145
0.946628
0.0342532
0.343086
0.0581207
0.783709
0.129419
0.55031
0.32765
0.252425
0.107671
0.284066
0.924132
0.471956
0.569578
0.357782
0.661261
0.0280218
0.443036
0.385597
0.43525
0.353545
0.0170368
0.496931
0.0259736
0.205008
0.461774
0.293375
0.384403
0.397353
0.0127651
0.284868
0.0100296
0.132374
0.214977
0.401441
0.714353
0.535205
0.470979
0.0427596
0.0317651
0.130299
0.0763045
0.4317
0.221306
0.521742
0.843426
0.318079
0.738657
0.511945
0.453938
0.599127
0.672628
0.630933
0.647575
0.380441
0.35394
0.827125
0.210212
0.171853
0.775061
0.345727
0.266182
0.257769
0.445144
0.153407
0.133534
0.542548
0.550029
0.525231
0.552662
0.619851
0.021079
0.378498
0.470409
0.181995
0.766654
0.688567
0.536321
0.471538
0.762028
0.216534
0.174513
0.224259
0.0198258
0.382065
0.188566
0.32773
0.173475
0.326409
0.305091
0.3261
0.350945
0.383592
0.560566
0.138258
0.516053
0.270732
0.0145172
0.62193
0.105034
0.638668
0.0928895
0.0503129
0.027124
0.527713
0.437142
0.517704
0.437947
0.354181
0.390986
0.161194
0.494568
0.409109
0.17557
0.203979
0.412064
0.652836
0.142813
0.498457
0.262024
0.0804887
0.196431
0.439291
0.783027
0.70381
0.212557
0.448562
0.0772738
0.350497
0.414329
0.583018
0.0790396
0.462773
0.458349
0.662941
0.109167
0.382992
0.124301
0.0304541
0.168
0.545914
0.0408474
0.118137
0.397164
0.323221
0.539199
0.141604
0.0618315
0.631485
0.485575
0.188642
0.442296
0.0972214
0.48061
0.102222
0.839925
0.396089
0.03317
0.778454
0.227733
0.632331
0.236982
0.121097
0.0046792
0.75338
0.0344369
0.0224143
0.0848152
0.587038
0.295515
0.0995666
0.156885
0.6549
0.761529
0.223646
0.0958431
0.824044
0.0744693
0.687398
0.260277
0.55658
0.184608
0.697825
0.0336685
0.841331
0.292875
0.82973
0.532682
0.155975
0.336349
0.290267
0.00724553
0.0317109
0.291791
0.0879704
0.314352
0.166347
0.586194
0.17045
0.0571479
0.48623
0.0492876
0.350375
0.344632
0.821965
0.780961
0.0233868
0.10684
0.639148
0.270409
0.203794
0.733251
0.0489398
0.1519
0.0165028
0.177195
0.381886
0.255611
0.459191
0.377813
0.00311976
0.51641
0.485235
0.200608
0.187814
0.173048
0.95937
0.159199
0.377524
0.699884
0.00987279
0.455921
0.60031
0.392053
0.00469682
0.606656
0.766979
0.0577243
0.20358
0.855975
0.510522
0.0444157
0.0581289
0.322816
0.530371
0.263987
0.616823
0.428015
0.828043
0.467112
0.0617285
0.505709
0.808805
0.186028
0.224523
0.229452
0.106205
0.382475
0.37568
0.259661
0.275378
0.254421
0.146608
0.77909
0.0221807
0.175373
0.730531
0.242205
0.0128239
0.44561
0.243118
0.432124
0.481479
0.24859
0.115342
0.161615
0.180293
0.199554
0.389159
0.029497
0.614277
0.537275
0.0334649
0.353619
0.592784
0.204049
0.456214
0.0482969
0.177521
0.198762
0.20609
0.577117
0.673884
0.0184992
0.396456
0.0395303
0.346195
0.344642
0.0621872
0.448899
0.639577
0.635479
0.186227
0.826799
0.663928
0.100859
0.493451
0.191759
0.51191
0.707303
0.161828
0.629023
0.250287
0.762311
0.326752
0.426183
0.183577
0.120397
0.145483
0.264194
0.19447
0.186277
0.434927
0.1642
0.414493
0.240626
0.188333
0.187754
0.363078
0.368722
0.53958
0.0795801
0.15723
0.00108607
0.416701
0.650348
0.12496
0.44
0.133878
0.782116
0.0421401
0.119875
0.0369154
0.042592
0.623414
0.162217
0.358268
0.0065466
0.580805
0.335408
0.5378
0.253082
0.38853
0.39512
0.0957317
0.399303
0.336852
0.312165
0.879445
0.561883
0.317111
0.0469804
0.895824
0.0141637
0.300267
0.363513
0.0443355
0.575699
0.00579189
0.356728
0.244455
0.158011
0.0142097
0.103588
0.00408678
0.819037
0.845492
0.170662
0.00325025
0.167896
0.934976
0.231012
0.257882
0.243394
0.637277
0.540896
0.351067
0.309137
0.253834
0.702903
0.497559
0.0514408
0.0411011
0.610329
0.27549
0.295038
0.00603988
0.623925
0.211474
0.646647
0.269775
0.610494
0.652028
0.047272
0.0766453
0.0318514
0.369364
0.0531985
0.209005
0.621725
0.0289127
0.186848
0.376844
0.302297
0.0759685
0.27818
0.553085
0.530563
0.0528355
0.0071642
0.0264188
0.397927
0.0564609
0.0447046
0.675889
0.291332
0.689711
0.295467
0.749988
0.792462
0.330881
0.135679
0.0405096
0.777231
0.00298609
0.0590271
0.102308
0.573359
0.221967
0.862967
0.31512
0.542888
0.813354
0.253045
0.180923
0.481377
0.227638
0.159937
0.466844
0.506927
0.375835
0.17405
0.469466
0.300508
0.0444817
0.331337
0.00349499
0.107599
0.249836
0.0431411
0.0362196
0.663405
0.184699
0.849079
0.121152
0.221106
0.0322558
0.261935
0.60412
0.322413
0.348366
0.0027032
0.101234
0.0322186
0.188002
0.0279172
0.357893
0.388593
0.046174
0.637524
0.937146
0.338233
0.169221
0.65763
0.625932
0.485168
0.810862
0.569956
0.702804
0.227707
0.473321
0.223664
0.217856
0.00437576
0.639548
0.530747
0.164147
0.277028
0.175872
0.450218
0.476606
0.382805
0.368365
0.843147
0.755713
0.186684
0.274812
0.196627
0.343454
0.10447
0.653722
0.637468
0.344104
0.00688507
0.0633999
0.605028
0.164065
0.798942
0.322786
0.169762
0.199798
0.346548
0.136661
0.132022
0.0915098
0.121055
0.435779
0.108556
0.13977
0.194672
0.203905
0.674476
0.537437
0.642554
0.574238
0.0117757
0.791273
0.0758591
0.304819
0.857291
0.12023
0.510047
0.272651
0.468603
0.174623
0.824452
0.433069
0.549719
0.234666
0.477296
0.662711
0.0722285
0.603703
0.00537409
0.0630882
0.12253
0.467506
0.574391
0.684997
0.729772
0.396696
0.185655
0.323489
0.214822
0.78847
0.346791
0.0501295
0.00715626
0.85575
0.331404
0.32383
0.60024
0.214936
0.81697
0.338502
0.220389
0.244233
0.0831247
0.756867
0.701615
0.0412314
0.173623
0.363707
0.342669
0.526582
0.406964
0.0709738
0.268918
0.33694
0.694797
0.495329
0.147439
0.871534
0.309425
0.303128
0.256634
0.0784693
0.205212
0.271451
0.229307
0.264101
0.200364
0.289281
0.00609903
0.697964
0.895262
0.360509
0.733428
0.439974
0.549301
0.270229
0.20867
0.274147
0.918659
0.337767
0.291434
0.207326
0.65792
0.190625
0.690116
0.190115
0.358197
0.139454
0.81298
0.522647
0.398564
0.830782
0.552251
0.360886
0.0483696
0.524061
0.345541
0.690708
0.579427
0.00596968
0.469052
0.778179
0.599612
0.118836
0.402206
0.470768
0.794789
0.164909
0.0934112
0.41409
0.402656
0.135082
0.670636
0.113477
0.24756
0.719412
0.121433
0.104046
0.457062
0.169799
0.0331518
0.477103
0.101214
0.265175
0.704258
0.248622
0.290479
0.172545
0.353142
0.246084
0.670208
0.072653
0.221484
0.135636
0.604929
0.373601
0.0280877
0.0983385
0.487196
0.294873
0.127868
0.00600997
0.575239
0.286376
0.0834351
0.310378
0.117702
0.25655
0.185832
0.463815
0.144768
0.606198
0.0710815
0.376303
0.673322
0.194711
0.0947467
0.487019
0.603415
0.312217
0.256316
0.29244
0.852739
0.728584
0.601949
0.31669
0.140557
0.213066
0.319145
0.694284
0.0922511
0.159997
0.614941
0.277003
0.0947217
0.501519
0.301643
0.0640179
0.146498
0.344688
0.236612
0.283661
0.311755
0.224372
0.379874
0.264492
0.186901
0.756906
0.712309
0.475021
0.249696
0.399101
0.580796
0.607569
0.13415
0.67647
0.27032
0.747086
0.0279881
0.249416
0.411058
0.747612
0.814205
0.632461
0.278238
0.376805
0.179188
0.792604
0.143094
0.0468053
0.400408
0.0242812
0.366202
0.124547
0.436956
0.637967
0.217402
0.133378
0.854374
0.43402
0.10026
0.224751
0.0161577
0.19918
0.0948486
0.383213
0.251023
0.230754
0.373597
0.332744
0.56404
0.258162
0.124093
0.364294
0.71827
0.538125
0.657115
0.277545
0.0181817
0.538039
0.0596935
0.0598925
0.204028
0.0896717
0.103503
0.268018
0.143549
0.32452
0.356314
0.0122508
0.195362
0.322318
0.287416
0.259902
0.0720462
0.334516
0.238595
0.455382
0.0938748
0.69217
0.74895
0.0115721
0.550188
0.0818949
0.0701116
0.248234
0.122407
0.0373875
0.354414
0.191983
0.687073
0.287148
0.205455
0.326509
0.253087
0.348724
0.323049
0.490973
0.0745839
0.216144
0.359894
0.26502
0.367456
0.304724
0.131039
0.296607
0.126034
0.807159
0.830009
0.126471
0.635611
0.0152093
0.818009
0.0931826
0.101484
0.22464
0.487208
0.0760368
0.276827
0.638802
0.418841
0.117222
0.201857
0.116537
0.0691322
0.0686554
0.566392
0.24614
0.221586
0.292302
0.0965567
0.349383
0.130575
0.642509
0.130939
0.13394
0.074481
0.423304
0.649544
0.631301
0.183698
0.182795
0.024023
0.398812
0.38919
0.543672
0.24803
0.709186
0.0647792
0.242124
0.249925
0.523187
0.675793
0.0924429
0.069944
0.603194
0.27615
0.269661
0.220518
0.00902633
0.759066
0.252256
0.345431
0.17568
0.14994
0.431801
0.135526
0.549925
0.183411
0.235839
0.448219
0.574411
0.0459079
0.877582
0.173374
0.441421
0.741628
0.210984
0.489838
0.689578
0.00211637
0.525369
0.405465
0.539815
0.117964
0.315579
0.0212575
0.162772
0.316989
0.0596801
0.0595286
0.434068
0.218652
0.291171
0.517433
0.685371
0.763101
0.157857
0.201167
0.311551
0.241158
0.548138
0.168961
0.207934
0.207839
0.0957134
0.505827
0.00578079
0.492911
0.0302755
0.511658
0.181323
0.169779
0.134784
0.493086
0.713002
0.334408
0.586231
0.130528
0.250813
0.359491
0.260133
0.939628
0.0877178
0.0664398
0.202525
0.0596843
0.000129693
0.636325
0.276756
0.440739
0.0738711
0.188041
0.752527
0.0639648
0.534831
0.550054
0.107697
0.658697
0.838637
0.362587
0.306943
0.224377
0.000478382
0.323644
0.085744
0.355437
0.211773
0.732679
0.400335
0.630446
0.210932
0.0576154
0.0940803
0.118841
0.200725
0.290341
0.369405
0.0541781
0.147584
0.0521535
0.0722891
0.366203
0.618311
0.00377017
0.69107
0.0161759
0.506405
0.618912
0.0619284
0.0692787
0.00539076
0.392353
0.00476355
0.500984
0.22167
0.548654
0.463508
0.0710983
0.264613
0.798948
0.102319
0.00540756
0.199477
0.497685
0.327906
0.147587
0.208072
0.0622294
0.172993
0.14706
0.0953409
0.222365
0.336468
0.639976
0.422708
0.64125
0.601453
0.00739483
0.0960054
0.511263
0.282175
0.621069
0.0252499
0.38202
0.249041
0.120907
0.13007
0.30494
0.344953
0.0717513
0.00157233
0.436044
0.574577
0.110138
0.0654667
0.153624
0.149944
0.0239274
0.0190031
0.610409
0.222039
0.506762
0.0423436
0.430579
0.0410929
0.0561518
0.562167
0.138931
0.268977
0.398072
0.670129
0.525165
0.118626
0.601952
0.571491
0.0185729
0.304283
0.54844
0.658105
0.794681
0.240125
0.316932
0.314272
0.440671
0.111773
0.111867
0.551278
0.34012
0.0839279
0.0165184
0.53457
0.141027
0.180885
0.295655
0.352471
0.487881
0.124395
0.257523
0.158812
0.343719
0.632962
0.257335
0.227309
0.822449
0.466685
0.204481
0.0100317
0.144947
0.000323117
0.218955
0.195521
0.195261
0.246544
0.43883
0.879837
0.377849
0.307144
0.122442
0.137408
0.208477
0.209462
0.284363
0.660454
0.534076
0.36405
0.0605027
0.0673795
0.0755543
0.17096
0.309477
0.375781
0.167264
0.383102
0.146125
0.44974
0.270458
0.0386321
0.520543
0.241767
0.635498
0.831328
0.261735
0.13712
0.548007
0.424975
0.19803
0.0666323
0.815284
0.137219
0.327076
0.0175137
0.147352
0.279196
0.407487
0.0512189
0.197733
0.377628
0.198546
0.6879
0.190694
0.222167
0.462821
0.334792
0.759119
0.128795
0.22438
0.870488
0.0753838
0.387924
0.322447
0.557388
0.701483
0.108896
0.408484
0.210276
0.597391
0.274623
0.271679
0.32717
0.151444
0.00760563
0.319264
0.47843
0.230015
0.0607534
0.80477
0.44307
0.47806
0.143315
0.158014
0.695002
0.892758
0.555766
0.413224
0.101203
0.381372
0.752499
0.439211
0.279282
0.529373
0.338972
0.758144
0.523673
0.256838
0.377727
0.447538
0.0299613
0.539725
0.519001
0.392988
0.168404
0.376212
0.0152343
0.039824
0.675181
0.142377
0.225745
0.185715
0.57708
0.163601
0.00262903
0.0439401
0.206474
0.270499
0.00700572
0.0269556
0.730485
0.435858
0.452027
0.320229
0.109586
0.42555
0.58683
0.0762811
0.300498
0.0105985
0.489193
0.202912
0.186931
0.479924
0.173385
0.253099
0.129712
0.204139
0.317834
0.207587
0.276073
0.226777
0.000906337
0.242848
0.19407
0.354461
0.299667
0.263909
0.209433
0.417374
0.00893396
0.472222
0.505383
0.033242
0.445092
0.553889
0.52581
0.475425
0.086969
0.698808
0.199596
0.153818
0.191576
0.396651
0.593637
0.131074
0.723547
0.343228
0.624384
0.27441
0.781485
0.079409
0.472214
0.0675033
0.749838
0.731382
0.915338
0.117083
0.726371
0.514721
0.504329
0.662484
0.0586822
0.749037
0.371518
0.284745
0.890785
0.32674
0.102492
0.909596
0.208581
0.497846
0.169252
0.450784
0.0294578
0.853093
0.224443
0.618034
0.356014
0.364969
0.674635
0.651872
0.692119
0.161958
0.383795
0.0829413
0.0220422
0.693297
0.64246
0.375351
0.427349
0.494721
0.131471
0.0372185
0.0827145
0.0240496
0.590101
0.297437
0.373528
0.509155
0.438257
0.421045
0.508282
0.415992
0.205246
0.175797
0.0386315
0.548658
0.30822
0.0840175
0.353147
0.412007
0.288803
0.218076
0.0215064
0.599996
0.602769
0.107385
0.0782461
0.0748321
0.261721
0.0545504
0.577672
0.703146
0.686436
0.0712888
0.137046
0.19829
0.602116
0.219911
0.65581
0.713212
0.287885
0.325232
0.53179
0.195045
0.559965
0.428406
0.820595
0.00912679
0.293021
0.464078
0.303175
0.562496
0.0143948
0.602632
0.442349
0.208749
0.0975409
0.330819
0.776647
0.303335
0.634611
0.564645
0.0222654
0.360846
0.509194
0.345823
0.669963
0.155134
0.60644
0.611802
0.0707102
0.27923
0.474019
0.806762
0.67904
0.00412831
0.159424
0.453797
0.311896
0.593827
0.199361
0.343889
0.158484
0.126656
0.31996
0.38493
0.171923
0.62916
0.31691
0.365285
0.33779
0.209302
0.359793
0.766573
0.0653302
0.37432
0.515733
0.131706
0.305608
0.55548
0.497417
0.34603
0.450592
0.141915
0.0888965
0.0858369
0.362758
0.338326
0.70465
0.573202
0.449096
0.357144
0.314729
0.355416
0.028925
0.0901727
0.566564
0.292117
0.578554
0.602651
0.173644
0.176045
0.540209
0.877514
0.328573
0.571962
0.0310291
0.386303
0.809336
0.236217
0.351324
0.066134
0.0885978
0.390544
0.115089
0.47232
0.0834309
0.0805559
0.385197
0.298334
0.0302611
0.0148747
0.346704
0.549541
0.159628
0.222821
0.0318795
0.381351
0.0550148
0.571496
0.418233
0.0131091
0.284695
0.499398
0.0385422
0.779545
0.345567
0.199893
0.456317
0.0597618
0.743219
0.777734
0.868849
0.468948
0.368741
0.4402
0.170656
0.0638542
0.228346
0.00199448
0.239877
0.120493
0.118176
0.0809029
0.273081
0.198226
0.830804
0.0670032
0.286733
0.59909
0.283112
0.00289434
0.504348
0.166952
0.955574
0.200669
0.0815725
0.444493
0.127167
0.147554
0.00271494
0.00921181
0.289343
0.507508
0.00871432
0.302865
0.444471
0.0390214
0.320162
0.392388
0.62205
0.379562
0.498469
0.60095
0.405659
0.0648604
0.0331989
0.62209
0.657204
0.565679
0.116382
0.393756
0.553873
0.252703
0.132826
0.0794369
0.535205
0.266
0.225577
0.722117
0.057511
0.488328
0.558755
0.935679
0.41716
0.24715
0.466776
0.271641
0.419651
0.44006
0.423633
0.145442
0.351403
0.777817
0.282757
0.358808
0.657066
0.206094
0.364421
0.033995
0.0280359
0.28787
0.313114
0.197794
0.164721
0.392312
0.0436257
0.234189
0.143099
0.303189
0.614522
0.0923152
0.194741
0.473196
0.109418
0.21044
0.619827
0.059379
0.419135
0.193663
0.640244
0.448284
0.164574
0.559176
0.379448
0.47315
0.418823
0.475156
0.112658
0.15691
0.0798528
0.339652
0.449038
0.043802
0.510364
0.497548
0.65905
0.488714
0.222587
0.30093
0.19224
0.250929
0.814603
0.18195
0.460459
0.642777
0.303185
0.479704
0.219571
0.327607
0.13303
0.558694
0.280329
0.0740885
0.544709
0.302747
0.64199
0.322345
0.416557
0.75414
0.817948
0.571192
0.0123317
0.301184
0.237534
0.696656
0.715563
0.295328
0.797332
0.258625
0.457812
0.0192947
0.733448
0.627972
0.0207151
0.0913925
0.693062
0.89571
0.49415
0.0459438
0.101981
0.199563
0.204565
0.468419
0.163002
0.181854
0.286235
0.611529
0.0058021
0.31104
0.379428
0.169267
0.466942
0.0295813
0.0593164
0.355058
0.120164
0.758338
0.114717
0.401301
0.830004
0.0882554
0.836612
0.500583
0.723263
0.18426
0.190271
0.880109
0.223358
0.0469286
0.456083
0.594725
0.54818
0.328377
0.33797
0.574915
0.460295
0.0341461
0.170466
0.00709487
0.19171
0.210442
0.0103329
0.515451
0.193627
0.0150711
0.251343
0.0202807
0.137768
0.552916
0.338863
0.392256
0.318626
0.327187
0.248836
0.802625
0.535766
0.301322
0.741004
0.0727771
0.302568
0.0333073
0.404931
0.111214
0.354207
0.0978306
0.376602
0.358555
0.514431
0.491119
0.388203
0.242472
0.495889
0.697529
0.30617
0.0418356
0.0197127
0.270867
0.435995
0.768502
0.15404
0.2305
0.00328312
0.160865
0.114427
0.200156
0.154747
0.181112
0.321759
0.155911
0.0897881
0.491261
0.910145
0.679704
0.282251
0.287518
0.161802
0.17508
0.342673
0.234701
0.228776
0.125294
0.26594
0.0417708
0.327094
0.0211709
0.668731
0.225083
0.0398367
0.486952
0.584756
0.327407
0.848407
0.218917
0.0585061
0.290968
0.735034
0.459077
0.0842121
0.026341
0.18388
0.675355
0.764886
0.146406
0.656578
0.290029
0.361332
0.57492
0.554965
0.050086
0.125295
0.0189344
0.558956
0.428302
0.0177843
0.576617
0.278017
0.139104
0.128815
0.140014
0.376939
0.567189
0.631949
0.53768
0.704859
0.0905426
0.161349
0.353405
0.916459
0.333523
0.265942
0.257819
0.276348
0.81296
0.340175
0.14589
0.601872
0.0502933
0.0814064
0.410954
0.0511672
0.0514248
0.0475977
