1.8002
1.80035
1.8005
1.80066
1.80082
1.80099
1.80117
1.80135
1.80154
1.80173
1.80193
1.80214
1.80235
1.80257
1.8028
1.80303
1.80326
1.8035
1.80375
1.804
1.80426
1.80452
1.80479
1.80506
1.80534
1.80562
1.80591
1.8062
1.80649
1.80679
1.80709
1.8074
1.80771
1.80802
1.80834
1.80866
1.80898
1.8093
1.80963
1.80996
1.81029
1.81062
1.81095
1.81128
1.81162
1.81196
1.81229
1.81263
1.81297
1.8133
1.81364
1.81398
1.81431
1.81465
1.81498
1.81532
1.81565
1.81598
1.81631
1.81663
1.81696
1.81728
1.8176
1.81792
1.81823
1.81854
1.81885
1.81915
1.81946
1.81975
1.82005
1.82034
1.82063
1.82091
1.82119
1.82146
1.82173
1.822
1.82226
1.82252
1.82277
1.82301
1.82326
1.82349
1.82373
1.82395
1.82418
1.82439
1.8246
1.82481
1.82501
1.82521
1.8254
1.82558
1.82576
1.82594
1.82611
1.82627
1.82643
1.82658
1.82673
1.82687
1.827
1.82713
1.82726
1.82738
1.82749
1.8276
1.82771
1.82781
1.8279
1.82799
1.82807
1.82815
1.82822
1.82829
1.82835
1.82841
1.82846
1.82851
1.82855
1.82859
1.82862
1.82865
1.82867
1.82869
1.82871
1.82872
1.82873
1.82873
1.82873
1.82872
1.82871
1.8287
1.82868
1.82866
1.82863
1.8286
1.82857
1.82853
1.82849
1.82845
1.8284
1.82835
1.8283
1.82824
1.82818
1.82812
1.82805
1.82798
1.82791
1.82784
1.82776
1.82768
1.8276
1.82752
1.82743
1.82734
1.82725
1.82716
1.82707
1.82697
1.82687
1.82677
1.82667
1.82657
1.82646
1.82636
1.82625
1.82614
1.82603
1.82592
1.82581
1.82569
1.82558
1.82546
1.82535
1.82523
1.82511
1.825
1.82488
1.82476
1.82464
1.82452
1.82441
1.82429
1.82417
1.82405
1.82393
1.82381
1.8237
1.82358
1.82346
1.82335
1.82323
1.82312
1.82301
1.82289
1.82278
1.82267
1.82256
1.82246
1.82235
1.82225
1.82214
1.82204
1.82194
1.82185
1.82175
1.82166
1.82156
1.82147
1.82139
1.8213
1.82122
1.82114
1.82106
1.82098
1.82091
1.82084
1.82077
1.8207
1.82064
1.82058
1.82052
1.82046
1.82041
1.82036
1.82032
1.82027
1.82023
1.82019
1.82015
1.82012
1.82009
1.82006
1.82004
1.82002
1.82
1.81998
1.81997
1.81996
1.81995
1.81995
1.81994
1.81994
1.81995
1.81995
1.81996
1.81997
1.81998
1.81999
1.82001
1.82003
1.82005
1.82007
1.8201
1.82013
1.82015
1.82019
1.82022
1.82025
1.82029
1.82032
1.82036
1.8204
1.82044
1.82049
1.82053
1.82057
1.82062
1.82067
1.82071
1.82076
1.82081
1.82086
1.82091
1.82096
1.82101
1.82106
1.82111
1.82116
1.82121
1.82127
1.82132
1.82137
1.82142
1.82147
1.82152
1.82157
1.82162
1.82168
1.82172
1.82177
1.82182
1.82187
1.82192
1.82197
1.82201
1.82206
1.8221
1.82215
1.82219
1.82224
1.82228
1.82232
1.82236
1.8224
1.82244
1.82248
1.82252
1.82256
1.82259
1.82263
1.82266
1.8227
1.82273
1.82276
1.8228
1.82283
1.82286
1.82289
1.82292
1.82295
1.82298
1.82301
1.82303
1.82306
1.82309
1.82311
1.82314
1.82317
1.82319
1.82322
1.82324
1.82327
1.82329
1.82332
1.82335
1.82337
1.8234
1.82342
1.82345
1.82348
1.8235
1.82353
1.82356
1.82358
1.82361
1.82364
1.82367
1.8237
1.82373
1.82376
1.8238
1.82383
1.82386
1.8239
1.82393
1.82397
1.82401
1.82405
1.82409
1.82413
1.82417
1.82422
1.82426
1.82431
1.82436
1.8244
1.82445
1.82451
1.82456
1.82461
1.82467
1.82473
1.82478
1.82484
1.8249
1.82497
1.82503
1.8251
1.82516
1.82523
1.8253
1.82537
1.82544
1.82552
1.82559
1.82567
1.82575
1.82583
1.82591
1.82599
1.82607
1.82615
1.82624
1.82632
1.82641
1.82649
1.82658
1.82667
1.82676
1.82685
1.82694
1.82703
1.82713
1.82722
1.82731
1.8274
1.8275
1.82759
1.82769
1.82778
1.82787
1.82797
1.82806
1.82815
1.82824
1.82834
1.82843
1.82852
1.82861
1.8287
1.82879
1.82887
1.82896
1.82904
1.82913
1.82921
1.82929
1.82937
1.82944
1.82952
1.82959
1.82966
1.82973
1.8298
1.82986
1.82993
1.82999
1.83004
1.8301
1.83015
1.83019
1.83024
1.83028
1.83032
1.83035
1.83038
1.83041
1.83044
1.83046
1.83047
1.83048
1.83049
1.83049
1.83049
1.83049
1.83048
1.83046
1.83044
1.83042
1.83039
1.83035
1.83031
1.83027
1.83022
1.83016
1.8301
1.83003
1.82996
1.82988
1.82979
1.8297
1.8296
1.8295
1.82939
1.82927
1.82914
1.82901
1.82888
1.82873
1.82858
1.82843
1.82826
1.82809
1.82791
1.82773
1.82753
1.82733
1.82713
1.82691
1.82669
1.82646
1.82622
1.82598
1.82573
1.82547
1.8252
1.82493
1.82464
1.82435
1.82406
1.82375
1.82344
1.82312
1.82279
1.82246
1.82211
1.82176
1.82141
1.82104
1.82067
1.82029
1.81991
1.81951
1.81911
1.81871
1.81829
1.81787
1.81745
1.81701
1.81657
1.81613
1.81568
1.81522
1.81475
1.81429
1.81381
1.81333
1.81285
1.81236
1.81186
1.81136
1.81086
1.81035
1.80984
1.80933
1.80881
1.80828
1.80776
1.80723
1.8067
1.80617
1.80563
1.80509
1.80455
1.80401
1.80347
1.80292
1.80238
1.80183
1.80128
1.80073
1.80019
1.79964
1.79909
1.79854
1.79799
1.79745
1.7969
1.79635
1.79581
1.79526
1.79472
1.79418
1.79364
1.7931
1.79256
1.79202
1.79148
1.79095
1.79042
1.78988
1.78935
1.78882
1.7883
1.78777
1.78724
1.78672
1.78619
1.78567
1.78514
1.78462
1.7841
1.78358
1.78305
1.78253
1.78201
1.78148
1.78096
1.78043
1.77991
1.77938
1.77885
1.77832
1.77779
1.77725
1.77672
1.77618
1.77564
1.7751
1.77455
1.774
1.77345
1.7729
1.77235
1.77179
1.77123
1.77067
1.77011
1.76955
1.76898
1.76842
1.76785
1.76728
1.76672
1.76616
1.76559
1.76504
1.76448
1.76393
1.76338
1.76284
1.7623
1.76177
1.76126
1.76075
1.76025
1.75976
1.75929
1.75883
1.75839
1.75796
1.75755
1.75716
1.7568
1.75645
1.75613
1.75583
1.75556
1.75531
1.7551
1.75491
1.75475
1.75463
1.75453
1.75447
1.75445
1.75445
1.7545
1.75457
1.75469
1.75483
1.75502
1.75524
1.75549
1.75578
1.75611
1.75646
1.75686
1.75728
1.75774
1.75823
1.75874
1.75929
1.75986
1.76046
1.76108
1.76173
1.76239
1.76308
1.76378
1.7645
1.76524
1.76598
1.76674
1.76751
1.76828
1.76906
1.76984
1.77062
1.77141
1.77219
1.77297
1.77374
1.77451
1.77527
1.77602
1.77676
1.77748
1.7782
1.7789
1.77958
1.78025
1.7809
1.78153
1.78215
1.78274
1.78331
1.78387
1.7844
1.78491
1.7854
1.78586
1.78631
1.78673
1.78713
1.7875
1.78785
1.78818
1.78849
1.78878
1.78904
1.78928
1.7895
1.7897
1.78988
1.79004
1.79018
1.7903
1.7904
1.79048
1.79055
1.79059
1.79063
1.79064
1.79065
1.79063
1.79061
1.79057
1.79052
1.79046
1.79039
1.79031
1.79022
1.79013
1.79003
1.78992
1.7898
1.78968
1.78956
1.78943
1.78931
1.78918
1.78905
1.78892
1.78879
1.78866
1.78854
1.78842
1.7883
1.78819
1.78808
1.78798
1.78788
1.7878
1.78772
1.78765
1.78758
1.78753
1.78749
1.78746
1.78744
1.78743
1.78743
1.78744
1.78747
1.78751
1.78756
1.78762
1.7877
1.78779
1.7879
1.78802
1.78815
1.7883
1.78846
1.78864
1.78883
1.78903
1.78925
1.78948
1.78972
1.78998
1.79025
1.79053
1.79083
1.79113
1.79145
1.79178
1.79213
1.79248
1.79284
1.79321
1.7936
1.79399
1.79439
1.7948
1.79521
1.79564
1.79607
1.7965
1.79694
1.79739
1.79784
1.79829
1.79875
1.79921
1.79968
1.80014
1.80061
1.80107
1.80154
1.802
1.80247
1.80293
1.80339
1.80385
1.80431
1.80476
1.8052
1.80565
1.80608
1.80651
1.80694
1.80736
1.80777
1.80817
1.80857
1.80895
1.80933
1.8097
1.81006
1.81041
1.81075
1.81108
1.81139
1.8117
1.81199
1.81227
1.81254
1.8128
1.81305
1.81328
1.8135
1.8137
1.81389
1.81407
1.81423
1.81438
1.81452
1.81464
1.81475
1.81484
1.81492
1.81498
1.81503
1.81506
1.81508
1.81508
1.81507
1.81505
1.81501
1.81495
1.81488
1.8148
1.8147
1.81459
1.81446
1.81432
1.81416
1.814
1.81381
1.81362
1.81341
1.81319
1.81295
1.81271
1.81245
1.81218
1.8119
1.8116
1.8113
1.81099
1.81066
1.81033
1.80999
1.80964
1.80928
1.80891
1.80853
1.80815
1.80776
1.80737
1.80697
1.80656
1.80616
1.80574
1.80533
1.80491
1.80449
1.80406
1.80364
1.80322
1.80279
1.80237
1.80195
1.80153
1.80111
1.8007
1.80029
1.79988
1.79948
1.79909
1.7987
1.79831
1.79794
1.79757
1.79721
1.79685
1.79651
1.79617
1.79585
1.79553
1.79523
1.79493
1.79465
1.79437
1.79411
1.79386
1.79363
1.7934
1.79319
1.79298
1.79279
1.79262
1.79245
1.7923
1.79216
1.79203
1.79192
1.79181
1.79172
1.79164
1.79157
1.79151
1.79147
1.79143
1.7914
1.79139
1.79138
1.79139
1.7914
1.79142
1.79145
1.79149
1.79153
1.79159
1.79164
1.79171
1.79178
1.79186
1.79194
1.79203
1.79212
1.79221
1.79231
1.79241
1.79251
1.79261
1.79272
1.79283
1.79293
1.79304
1.79315
1.79326
1.79337
1.79347
1.79358
1.79368
1.79378
1.79388
1.79397
1.79406
1.79415
1.79424
1.79432
1.79439
1.79447
1.79453
1.7946
1.79465
1.79471
1.79475
1.79479
1.79483
1.79486
1.79488
1.7949
1.79491
1.79491
1.79491
1.7949
1.79488
1.79485
1.79482
1.79479
1.79474
1.79469
1.79463
1.79456
1.79448
1.7944
1.79431
1.79421
1.79411
1.79399
1.79387
1.79374
1.79361
1.79346
1.79331
1.79315
1.79299
1.79281
1.79263
1.79244
1.79225
1.79205
1.79183
1.79162
1.79139
1.79116
1.79092
1.79067
1.79042
1.79016
1.78989
1.78962
1.78934
1.78906
1.78876
1.78846
1.78816
1.78785
1.78753
1.78721
1.78688
1.78655
1.78621
1.78587
1.78552
1.78516
1.7848
1.78444
1.78407
1.7837
1.78333
1.78295
1.78256
1.78218
1.78179
1.78139
1.781
1.7806
1.7802
1.7798
1.77939
1.77898
1.77857
1.77817
1.77775
1.77734
1.77693
1.77652
1.77611
1.77569
1.77528
1.77487
1.77446
1.77405
1.77365
1.77324
1.77284
1.77244
1.77204
1.77165
1.77126
1.77087
1.77049
1.77011
1.76974
1.76937
1.76901
1.76865
1.7683
1.76795
1.76761
1.76728
1.76696
1.76664
1.76633
1.76603
1.76574
1.76546
1.76518
1.76492
1.76466
1.76442
1.76418
1.76395
1.76374
1.76354
1.76334
1.76316
1.76299
1.76283
1.76268
1.76255
1.76242
1.76231
1.76221
1.76212
1.76205
1.76199
1.76193
1.7619
1.76187
1.76186
1.76185
1.76187
1.76189
1.76192
1.76197
1.76203
1.7621
1.76218
1.76227
1.76237
1.76249
1.76261
1.76275
1.76289
1.76305
1.76321
1.76338
1.76357
1.76376
1.76395
1.76416
1.76437
1.7646
1.76482
1.76506
1.7653
1.76554
1.76579
1.76605
1.76631
1.76657
1.76684
1.76711
1.76738
1.76765
1.76793
1.76821
1.76849
1.76877
1.76906
1.76934
1.76962
1.7699
1.77019
1.77047
1.77074
1.77102
1.7713
1.77157
1.77184
1.77211
1.77238
1.77264
1.7729
1.77315
1.77341
1.77365
1.7739
1.77414
1.77437
1.7746
1.77483
1.77505
1.77526
1.77547
1.77568
1.77588
1.77607
1.77626
1.77645
1.77663
1.7768
1.77697
1.77713
1.77729
1.77744
1.77758
1.77772
1.77786
1.77799
1.77811
1.77823
1.77835
1.77845
1.77856
1.77866
1.77875
1.77884
1.77892
1.779
1.77907
1.77914
1.77921
1.77927
1.77932
1.77938
1.77942
1.77947
1.77951
1.77954
1.77958
1.77961
1.77963
1.77966
1.77968
1.77969
1.77971
1.77972
1.77973
1.77974
1.77974
1.77974
1.77974
1.77974
1.77974
1.77974
1.77973
1.77972
1.77971
1.7797
1.77969
1.77968
1.77967
1.77966
1.77965
1.77963
1.77962
1.77961
1.77959
1.77958
1.77957
1.77956
1.77954
1.77953
1.77952
1.77951
1.77951
1.7795
1.77949
1.77949
1.77949
1.77948
1.77948
1.77948
1.77949
1.77949
1.7795
1.77951
1.77952
1.77953
1.77954
1.77956
1.77958
1.7796
1.77962
1.77965
1.77968
1.77971
1.77974
1.77978
1.77982
1.77986
1.7799
1.77995
1.78
1.78005
1.7801
1.78016
1.78022
1.78028
1.78034
1.78041
1.78048
1.78055
1.78063
1.78071
1.78079
1.78087
1.78096
1.78105
1.78114
1.78123
1.78132
1.78142
1.78152
1.78163
1.78173
1.78184
1.78195
1.78206
1.78217
1.78229
1.78241
1.78253
1.78265
1.78277
1.7829
1.78302
1.78315
1.78328
1.78341
1.78355
1.78368
1.78382
1.78395
1.78409
1.78423
1.78437
1.78451
1.78466
1.7848
1.78494
1.78509
1.78523
1.78538
1.78553
1.78567
1.78582
1.78597
1.78612
1.78626
1.78641
1.78656
1.78671
1.78686
1.787
1.78715
1.7873
1.78745
1.78759
1.78774
1.78788
1.78803
1.78817
1.78831
1.78845
1.78859
1.78873
1.78887
1.78901
1.78914
1.78928
1.78941
1.78954
1.78967
1.7898
1.78992
1.79005
1.79017
1.79029
1.79041
1.79053
1.79064
1.79076
1.79087
1.79097
1.79108
1.79118
1.79128
1.79138
1.79148
1.79157
1.79166
1.79175
1.79184
1.79192
1.792
1.79207
1.79215
1.79222
1.79229
1.79235
1.79241
1.79247
1.79253
1.79258
1.79262
1.79267
1.79271
1.79275
1.79278
1.79281
1.79284
1.79287
1.79289
1.7929
1.79292
1.79293
1.79293
1.79293
1.79293
1.79292
1.79292
1.7929
1.79288
1.79286
1.79284
1.79281
1.79278
1.79274
1.7927
1.79266
1.79261
1.79256
1.7925
1.79244
1.79238
1.79231
1.79224
1.79216
1.79209
1.792
1.79192
1.79183
1.79173
1.79164
1.79154
1.79143
1.79133
1.79122
1.7911
1.79099
1.79087
1.79074
1.79062
1.79049
1.79036
1.79022
1.79009
1.78995
1.7898
1.78966
1.78951
1.78937
1.78922
1.78906
1.78891
1.78876
1.7886
1.78844
1.78828
1.78812
1.78796
1.7878
1.78764
1.78748
1.78732
1.78716
1.787
1.78684
1.78668
1.78652
1.78636
1.78621
1.78605
1.7859
1.78575
1.7856
1.78545
1.78531
1.78517
1.78503
1.7849
1.78476
1.78464
1.78451
1.78439
1.78428
1.78417
1.78406
1.78396
1.78386
1.78377
1.78369
1.78361
1.78353
1.78346
1.7834
1.78335
1.7833
1.78326
1.78322
1.78319
1.78317
1.78316
1.78315
1.78315
1.78316
1.78317
1.7832
1.78323
1.78327
1.78332
1.78337
1.78344
1.78351
1.78359
1.78368
1.78377
1.78388
1.78399
1.78411
1.78424
1.78438
1.78452
1.78468
1.78484
1.78501
1.78519
1.78537
1.78557
1.78577
1.78598
1.78619
1.78642
1.78665
1.78688
1.78713
1.78738
1.78764
1.7879
1.78817
1.78845
1.78874
1.78902
1.78932
1.78962
1.78993
1.79024
1.79056
1.79088
1.7912
1.79153
1.79187
1.79221
1.79255
1.7929
1.79325
1.7936
1.79396
1.79432
1.79468
1.79505
1.79541
1.79578
1.79615
1.79653
1.7969
1.79728
1.79766
1.79804
1.79842
1.7988
1.79918
1.79956
1.79994
1.80032
1.8007
1.80108
1.80147
1.80185
1.80223
1.80261
1.80298
1.80336
1.80374
1.80411
1.80448
1.80485
1.80522
1.80559
1.80596
1.80632
1.80668
1.80704
1.8074
1.80775
1.80811
1.80846
1.8088
1.80915
1.80949
1.80983
1.81017
1.8105
1.81083
1.81116
1.81148
1.8118
1.81212
1.81243
1.81274
1.81305
1.81335
1.81365
1.81395
1.81425
1.81454
1.81482
1.81511
1.81539
1.81566
1.81593
1.8162
1.81647
1.81673
1.81698
1.81724
1.81749
1.81773
1.81797
1.81821
1.81844
1.81867
1.8189
1.81912
1.81934
1.81955
1.81976
1.81996
1.82016
1.82036
1.82055
1.82074
1.82092
1.8211
1.82128
1.82145
1.82161
1.82177
1.82193
1.82208
1.82223
1.82237
1.82251
1.82264
1.82277
1.82289
1.82301
1.82312
1.82323
1.82333
1.82343
1.82353
1.82361
1.8237
1.82378
1.82385
1.82392
1.82398
1.82404
1.82409
1.82413
1.82418
1.82421
1.82424
1.82427
1.82429
1.8243
1.82431
1.82432
1.82432
1.82431
1.8243
1.82428
1.82426
1.82424
1.8242
1.82417
1.82412
1.82408
1.82403
1.82397
1.82391
1.82384
1.82377
1.8237
1.82362
1.82353
1.82345
1.82335
1.82326
1.82316
1.82306
1.82295
1.82284
1.82273
1.82261
1.82249
1.82237
1.82225
1.82212
1.82199
1.82186
1.82173
1.8216
1.82147
1.82133
1.8212
1.82106
1.82092
1.82079
1.82065
1.82052
1.82038
1.82025
1.82012
1.81999
1.81986
1.81973
1.81961
1.81949
1.81937
1.81925
1.81914
1.81904
1.81893
1.81884
1.81874
1.81865
1.81857
1.81849
1.81842
1.81836
1.8183
1.81825
1.8182
1.81817
1.81814
1.81811
1.8181
1.81809
1.8181
1.81811
1.81813
1.81816
1.81819
1.81824
1.8183
1.81836
1.81844
1.81853
1.81862
1.81873
1.81884
1.81897
1.8191
1.81925
1.81941
1.81957
1.81975
1.81994
1.82013
1.82034
1.82055
1.82078
1.82101
1.82125
1.8215
1.82176
1.82203
1.82231
1.82259
1.82288
1.82318
1.82349
1.8238
1.82412
1.82444
1.82477
1.8251
1.82544
1.82578
1.82612
1.82647
1.82682
1.82717
1.82753
1.82788
1.82824
1.82859
1.82895
1.8293
1.82965
1.83
1.83035
1.8307
1.83104
1.83137
1.83171
1.83203
1.83236
1.83267
1.83298
1.83328
1.83358
1.83386
1.83414
1.83441
1.83467
1.83493
1.83517
1.8354
1.83562
1.83584
1.83604
1.83623
1.83641
1.83657
1.83673
1.83687
1.83701
1.83713
1.83723
1.83733
1.83741
1.83749
1.83754
1.83759
1.83763
1.83765
1.83766
1.83766
1.83764
1.83762
1.83758
1.83754
1.83748
1.83741
1.83733
1.83724
1.83714
1.83703
1.8369
1.83678
1.83664
1.83649
1.83633
1.83617
1.836
1.83582
1.83563
1.83544
1.83524
1.83504
1.83483
1.83461
1.83439
1.83417
1.83394
1.83371
1.83347
1.83323
1.83299
1.83274
1.83249
1.83224
1.83199
1.83173
1.83148
1.83122
1.83096
1.8307
1.83044
1.83018
1.82992
1.82965
1.82939
1.82913
1.82887
1.8286
1.82834
1.82808
1.82782
1.82756
1.8273
1.82704
1.82679
1.82653
1.82628
1.82603
1.82578
1.82554
1.82529
1.82505
1.82482
1.82458
1.82436
1.82413
1.82391
1.8237
1.8235
1.8233
1.8231
1.82292
1.82274
1.82257
1.82242
1.82227
1.82213
1.822
1.82189
1.82179
1.8217
1.82162
1.82156
1.82151
1.82148
1.82146
1.82145
1.82147
1.8215
1.82154
1.8216
1.82167
1.82177
1.82187
1.822
1.82213
1.82229
1.82245
1.82263
1.82283
1.82303
1.82325
1.82347
1.82371
1.82395
1.8242
1.82446
1.82472
1.82498
1.82525
1.82551
1.82578
1.82604
1.8263
1.82655
1.82679
1.82703
1.82725
1.82746
1.82766
1.82784
1.82801
1.82815
1.82828
1.82839
1.82847
1.82853
1.82856
1.82857
1.82855
1.82851
1.82843
1.82833
1.82819
1.82802
1.82782
1.82759
1.82733
1.82703
1.8267
1.82633
1.82593
1.82549
1.82503
1.82452
1.82399
1.82342
1.82282
1.82218
1.82151
1.82081
1.82008
1.81932
1.81853
1.81771
1.81686
1.81598
1.81508
1.81415
1.8132
1.81223
1.81123
1.81021
1.80917
1.80811
1.80703
1.80594
1.80483
1.8037
1.80257
1.80142
1.80026
1.79909
1.79791
1.79673
1.79553
1.79434
1.79314
1.79194
1.79074
1.78954
1.78834
1.78715
1.78596
1.78477
1.78359
1.78242
1.78126
1.78011
1.77898
1.77785
1.77674
1.77565
1.77457
1.77351
1.77247
1.77145
1.77045
1.76948
1.76853
1.76761
1.76671
1.76584
1.765
1.76419
1.76341
1.76266
1.76194
1.76126
1.76062
1.76001
1.75944
1.7589
1.75841
1.75795
1.75754
1.75716
1.75683
1.75654
1.75629
1.75608
1.75592
1.7558
1.75572
1.75568
1.75569
1.75575
1.75584
1.75598
1.75616
1.75638
1.75664
1.75694
1.75729
1.75767
1.75809
1.75855
1.75904
1.75958
1.76014
1.76074
1.76137
1.76203
1.76272
1.76344
1.76419
1.76496
1.76576
1.76658
1.76742
1.76828
1.76916
1.77006
1.77098
1.7719
1.77285
1.7738
1.77476
1.77573
1.77671
1.7777
1.77869
1.77969
1.78069
1.78169
1.78269
1.78368
1.78468
1.78568
1.78667
1.78765
1.78863
1.78961
1.79057
1.79153
1.79248
1.79342
1.79435
1.79527
1.79618
1.79707
1.79795
1.79882
1.79968
1.80052
1.80135
1.80217
1.80296
1.80375
1.80452
1.80527
1.80601
1.80673
1.80743
1.80812
1.80879
1.80945
1.81009
1.81071
1.81131
1.8119
1.81247
1.81303
1.81357
1.81409
1.81459
1.81507
1.81554
1.816
1.81643
1.81685
1.81725
1.81764
1.818
1.81835
1.81869
1.819
1.8193
1.81959
1.81985
1.8201
1.82034
1.82055
1.82075
1.82093
1.8211
1.82125
1.82138
1.8215
1.8216
1.82168
1.82175
1.8218
1.82183
1.82185
1.82185
1.82183
1.8218
1.82175
1.82168
1.8216
1.8215
1.82139
1.82125
1.82111
1.82094
1.82076
1.82056
1.82035
1.82012
1.81988
1.81962
1.81934
1.81905
1.81874
1.81842
1.81808
1.81773
1.81736
1.81699
1.81659
1.81618
1.81576
1.81533
1.81489
1.81443
1.81396
1.81348
1.81299
1.8125
1.81199
1.81147
1.81095
1.81042
1.80988
1.80933
1.80879
1.80823
1.80768
1.80712
1.80656
1.806
1.80544
1.80488
1.80432
1.80377
1.80322
1.80268
1.80214
1.80161
1.80109
1.80058
1.80008
1.79959
1.79912
1.79865
1.79821
1.79777
1.79736
1.79696
1.79658
1.79621
1.79587
1.79555
1.79525
1.79497
1.79471
1.79448
1.79427
1.79408
1.79392
1.79378
1.79366
1.79357
1.7935
1.79346
1.79344
1.79344
1.79347
1.79352
1.79359
1.79369
1.79381
1.79395
1.79411
1.79428
1.79448
1.7947
1.79493
1.79518
1.79545
1.79573
1.79602
1.79633
1.79665
1.79698
1.79732
1.79766
1.79802
1.79838
1.79875
1.79912
1.7995
1.79988
1.80026
1.80064
1.80103
1.80141
1.80179
1.80216
1.80254
1.80291
1.80327
1.80363
1.80398
1.80433
1.80466
1.80499
1.80532
1.80563
1.80593
1.80622
1.80651
1.80678
1.80704
1.80729
1.80752
1.80775
1.80796
1.80816
1.80835
1.80853
1.80869
1.80884
1.80897
1.8091
1.80921
1.8093
1.80939
1.80946
1.80951
1.80956
1.80959
1.8096
1.80961
1.8096
1.80958
1.80954
1.80949
1.80943
1.80936
1.80927
1.80918
1.80907
1.80894
1.80881
1.80866
1.80851
1.80834
1.80816
1.80796
1.80776
1.80755
1.80732
1.80709
1.80684
1.80658
1.80632
1.80604
1.80575
1.80545
1.80515
1.80483
1.80451
1.80417
1.80383
1.80347
1.80311
1.80274
1.80236
1.80198
1.80158
1.80118
1.80077
1.80035
1.79992
1.79949
1.79905
1.7986
1.79814
1.79768
1.79721
1.79674
1.79626
1.79577
1.79528
1.79478
1.79428
1.79377
1.79326
1.79274
1.79222
1.79169
1.79116
1.79063
1.79009
1.78955
1.78901
1.78846
1.78791
1.78736
1.78681
1.78626
1.7857
1.78514
1.78459
1.78403
1.78347
1.78292
1.78236
1.78181
1.78125
1.7807
1.78015
1.77961
1.77906
1.77852
1.77799
1.77745
1.77692
1.7764
1.77588
1.77537
1.77486
1.77436
1.77386
1.77337
1.77289
1.77241
1.77195
1.77149
1.77104
1.7706
1.77016
1.76974
1.76933
1.76892
1.76853
1.76814
1.76777
1.7674
1.76705
1.76671
1.76638
1.76606
1.76575
1.76546
1.76517
1.7649
1.76463
1.76438
1.76414
1.76392
1.7637
1.7635
1.7633
1.76312
1.76295
1.76279
1.76264
1.7625
1.76238
1.76226
1.76216
1.76206
1.76197
1.7619
1.76183
1.76177
1.76173
1.76169
1.76165
1.76163
1.76162
1.76161
1.76161
1.76161
1.76163
1.76165
1.76167
1.7617
1.76174
1.76178
1.76183
1.76188
1.76194
1.762
1.76206
1.76213
1.7622
1.76228
1.76235
1.76243
1.76251
1.7626
1.76268
1.76277
1.76285
1.76294
1.76303
1.76312
1.76321
1.7633
1.76339
1.76348
1.76358
1.76367
1.76376
1.76385
1.76393
1.76402
1.76411
1.76419
1.76428
1.76436
1.76445
1.76453
1.76461
1.76468
1.76476
1.76484
1.76491
1.76498
1.76505
1.76512
1.76519
1.76526
1.76532
1.76538
1.76544
1.7655
1.76556
1.76562
1.76567
1.76572
1.76577
1.76582
1.76587
1.76592
1.76597
1.76601
1.76605
1.76609
1.76614
1.76617
1.76621
1.76625
1.76629
1.76632
1.76636
1.76639
1.76642
1.76645
1.76648
1.76651
1.76654
1.76657
1.7666
1.76663
1.76666
1.76668
1.76671
1.76674
1.76676
1.76679
1.76682
1.76684
1.76687
1.76689
1.76692
1.76694
1.76697
1.76699
1.76702
1.76705
1.76707
1.7671
1.76713
1.76715
1.76718
1.76721
1.76724
1.76726
1.76729
1.76732
1.76735
1.76738
1.76741
1.76744
1.76748
1.76751
1.76754
1.76757
1.76761
1.76764
1.76768
1.76771
1.76775
1.76778
1.76782
1.76786
1.7679
1.76794
1.76798
1.76802
1.76806
1.7681
1.76814
1.76818
1.76822
1.76827
1.76831
1.76835
1.7684
1.76844
1.76849
1.76853
1.76858
1.76862
1.76867
1.76872
1.76876
1.76881
1.76886
1.7689
1.76895
1.769
1.76905
1.76909
1.76914
1.76919
1.76924
1.76928
1.76933
1.76938
1.76943
1.76947
1.76952
1.76956
1.76961
1.76965
1.7697
1.76974
1.76979
1.76983
1.76987
1.76991
1.76995
1.76999
1.77003
1.77007
1.77011
1.77015
1.77018
1.77021
1.77025
1.77028
1.77031
1.77034
1.77037
1.77039
1.77042
1.77044
1.77047
1.77049
1.77051
1.77052
1.77054
1.77055
1.77056
1.77057
1.77058
1.77059
1.77059
1.77059
1.77059
1.77059
1.77059
1.77058
1.77057
1.77056
1.77054
1.77053
1.77051
1.77048
1.77046
1.77043
1.7704
1.77037
1.77033
1.77029
1.77025
1.77021
1.77016
1.77011
1.77006
1.77
1.76994
1.76988
1.76982
1.76975
1.76968
1.7696
1.76952
1.76944
1.76936
1.76927
1.76918
1.76909
1.76899
1.76889
1.76879
1.76868
1.76857
1.76846
1.76835
1.76823
1.76811
1.76798
1.76786
1.76773
1.7676
1.76746
1.76733
1.76719
1.76704
1.7669
1.76675
1.7666
1.76645
1.7663
1.76614
1.76599
1.76583
1.76567
1.76551
1.76535
1.76518
1.76502
1.76485
1.76469
1.76452
1.76435
1.76419
1.76402
1.76385
1.76368
1.76352
1.76335
1.76318
1.76302
1.76286
1.76269
1.76253
1.76237
1.76222
1.76206
1.76191
1.76176
1.76161
1.76146
1.76132
1.76118
1.76105
1.76091
1.76078
1.76066
1.76053
1.76042
1.7603
1.76019
1.76009
1.75998
1.75989
1.75979
1.75971
1.75962
1.75955
1.75947
1.7594
1.75934
1.75928
1.75923
1.75918
1.75914
1.7591
1.75906
1.75903
1.75901
1.75899
1.75897
1.75896
1.75896
1.75896
1.75896
1.75896
1.75897
1.75899
1.759
1.75902
1.75905
1.75907
1.7591
1.75913
1.75917
1.7592
1.75924
1.75928
1.75932
1.75936
1.7594
1.75944
1.75948
1.75952
1.75956
1.75959
1.75963
1.75966
1.7597
1.75973
1.75976
1.75978
1.7598
1.75982
1.75983
1.75984
1.75985
1.75985
1.75985
1.75984
1.75982
1.7598
1.75977
1.75974
1.7597
1.75965
1.75959
1.75953
1.75946
1.75938
1.75929
1.7592
1.7591
1.75899
1.75887
1.75874
1.7586
1.75846
1.7583
1.75814
1.75797
1.75779
1.7576
1.7574
1.75719
1.75697
1.75675
1.75651
1.75627
1.75602
1.75576
1.75549
1.75522
1.75494
1.75465
1.75435
1.75405
1.75374
1.75343
1.75311
1.75278
1.75245
1.75212
1.75178
1.75143
1.75109
1.75074
1.75039
1.75004
1.74968
1.74933
1.74898
1.74862
1.74827
1.74792
1.74757
1.74722
1.74688
1.74654
1.74621
1.74588
1.74556
1.74524
1.74493
1.74463
1.74434
1.74405
1.74378
1.74352
1.74326
1.74302
1.74279
1.74257
1.74237
1.74218
1.742
1.74184
1.74169
1.74156
1.74144
1.74134
1.74126
1.74119
1.74114
1.74111
1.7411
1.74111
1.74113
1.74117
1.74124
1.74132
1.74142
1.74154
1.74168
1.74183
1.74201
1.74221
1.74243
1.74266
1.74292
1.74319
1.74348
1.74379
1.74412
1.74447
1.74484
1.74522
1.74562
1.74604
1.74647
1.74692
1.74739
1.74787
1.74837
1.74888
1.7494
1.74994
1.75049
1.75106
1.75163
1.75222
1.75282
1.75342
1.75404
1.75467
1.7553
1.75594
1.75659
1.75725
1.75791
1.75858
1.75925
1.75993
1.76061
1.7613
1.76198
1.76267
1.76336
1.76405
1.76475
1.76544
1.76613
1.76682
1.76751
1.76819
1.76888
1.76956
1.77023
1.77091
1.77158
1.77224
1.7729
1.77355
1.7742
1.77484
1.77548
1.7761
1.77672
1.77734
1.77794
1.77854
1.77913
1.77971
1.78029
1.78085
1.78141
1.78195
1.78249
1.78302
1.78353
1.78404
1.78454
1.78503
1.78551
1.78598
1.78644
1.78688
1.78732
1.78775
1.78817
1.78858
1.78898
1.78936
1.78974
1.79011
1.79046
1.79081
1.79115
1.79147
1.79179
1.7921
1.79239
1.79268
1.79296
1.79323
1.79348
1.79373
1.79397
1.7942
1.79442
1.79463
1.79483
1.79503
1.79521
1.79538
1.79555
1.79571
1.79586
1.796
1.79613
1.79625
1.79637
1.79647
1.79657
1.79666
1.79674
1.79682
1.79689
1.79695
1.797
1.79704
1.79708
1.79711
1.79713
1.79715
1.79715
1.79715
1.79715
1.79713
1.79711
1.79709
1.79705
1.79701
1.79697
1.79691
1.79685
1.79679
1.79671
1.79663
1.79655
1.79646
1.79636
1.79625
1.79614
1.79603
1.7959
1.79577
1.79564
1.7955
1.79535
1.7952
1.79504
1.79488
1.7947
1.79453
1.79435
1.79416
1.79396
1.79376
1.79356
1.79335
1.79313
1.79291
1.79268
1.79244
1.79221
1.79196
1.79171
1.79145
1.79119
1.79092
1.79065
1.79037
1.79008
1.78979
1.7895
1.7892
1.78889
1.78858
1.78826
1.78794
1.78761
1.78728
1.78694
1.78659
1.78624
1.78589
1.78553
1.78516
1.78479
1.78442
1.78404
1.78365
1.78326
1.78287
1.78247
1.78206
1.78165
1.78124
1.78082
1.7804
1.77998
1.77955
1.77911
1.77867
1.77823
1.77779
1.77734
1.77688
1.77643
1.77597
1.77551
1.77504
1.77457
1.7741
1.77363
1.77316
1.77268
1.7722
1.77172
1.77124
1.77075
1.77027
1.76978
1.7693
1.76881
1.76832
1.76783
1.76735
1.76686
1.76637
1.76588
1.7654
1.76491
1.76443
1.76395
1.76347
1.76299
1.76252
1.76205
1.76158
1.76111
1.76064
1.76018
1.75973
1.75927
1.75882
1.75838
1.75794
1.7575
1.75707
1.75665
1.75622
1.75581
1.7554
1.75499
1.7546
1.7542
1.75382
1.75344
1.75306
1.75269
1.75233
1.75198
1.75163
1.75129
1.75096
1.75063
1.75031
1.75
1.74969
1.74939
1.7491
1.74881
1.74853
1.74826
1.74799
1.74774
1.74748
1.74724
1.747
1.74676
1.74654
1.74632
1.7461
1.74589
1.74569
1.74549
1.74529
1.7451
1.74492
1.74474
1.74457
1.7444
1.74423
1.74407
1.74391
1.74376
1.74361
1.74346
1.74331
1.74317
1.74304
1.7429
1.74277
1.74264
1.74251
1.74239
1.74227
1.74215
1.74204
1.74193
1.74182
1.74171
1.74161
1.74152
1.74142
1.74133
1.74125
1.74117
1.74109
1.74103
1.74096
1.74091
1.74086
1.74082
1.74078
1.74076
1.74074
1.74074
1.74074
1.74076
1.74079
1.74083
1.74088
1.74095
1.74103
1.74113
1.74125
1.74138
1.74152
1.74169
1.74187
1.74208
1.7423
1.74254
1.7428
1.74309
1.74339
1.74372
1.74407
1.74444
1.74483
1.74524
1.74568
1.74614
1.74662
1.74712
1.74765
1.74819
1.74876
1.74935
1.74995
1.75058
1.75122
1.75189
1.75257
1.75326
1.75398
1.7547
1.75544
1.7562
1.75696
1.75774
1.75852
1.75932
1.76012
1.76093
1.76174
1.76256
1.76339
1.76421
1.76504
1.76586
1.76669
1.76751
1.76833
1.76914
1.76996
1.77076
1.77156
1.77235
1.77313
1.7739
1.77467
1.77542
1.77616
1.77689
1.77761
1.77831
1.779
1.77967
1.78033
1.78098
1.78161
1.78222
1.78282
1.78341
1.78397
1.78452
1.78505
1.78557
1.78607
1.78655
1.78701
1.78746
1.78789
1.7883
1.78869
1.78907
1.78943
1.78978
1.7901
1.79041
1.79071
1.79099
1.79125
1.7915
1.79173
1.79194
1.79214
1.79233
1.7925
1.79266
1.7928
1.79293
1.79305
1.79315
1.79324
1.79332
1.79338
1.79344
1.79348
1.79351
1.79353
1.79354
1.79354
1.79353
1.79351
1.79348
1.79345
1.7934
1.79335
1.79329
1.79322
1.79314
1.79306
1.79297
1.79288
1.79278
1.79267
1.79257
1.79245
1.79233
1.79221
1.79208
1.79195
1.79182
1.79169
1.79155
1.79141
1.79127
1.79113
1.79099
1.79085
1.7907
1.79056
1.79041
1.79027
1.79013
1.78999
1.78985
1.78971
1.78957
1.78943
1.7893
1.78917
1.78904
1.78892
1.78879
1.78867
1.78856
1.78844
1.78833
1.78823
1.78812
1.78802
1.78793
1.78784
1.78775
1.78767
1.78759
1.78752
1.78745
1.78738
1.78732
1.78726
1.78721
1.78716
1.78711
1.78707
1.78704
1.78701
1.78698
1.78695
1.78693
1.78692
1.7869
1.78689
1.78689
1.78689
1.78689
1.78689
1.7869
1.78691
1.78692
1.78693
1.78695
1.78697
1.78699
1.78701
1.78704
1.78706
1.78709
1.78712
1.78715
1.78718
1.78721
1.78725
1.78728
1.78731
1.78735
1.78738
1.78741
1.78745
1.78748
1.78751
1.78755
1.78758
1.78761
1.78764
1.78767
1.78769
1.78772
1.78774
1.78777
1.78779
1.78781
1.78783
1.78785
1.78787
1.78788
1.78789
1.78791
1.78792
1.78793
1.78793
1.78794
1.78794
1.78795
1.78795
1.78795
1.78795
1.78794
1.78794
1.78793
1.78793
1.78792
1.78791
1.78791
1.7879
1.78789
1.78788
1.78787
1.78786
1.78785
1.78784
1.78783
1.78782
1.78782
1.78781
1.7878
1.7878
1.7878
1.78779
1.78779
1.78779
1.7878
1.7878
1.78781
1.78782
1.78783
1.78784
1.78786
1.78788
1.78791
1.78793
1.78796
1.78799
1.78803
1.78807
1.78812
1.78816
1.78821
1.78827
1.78833
1.78839
1.78846
1.78853
1.78861
1.78869
1.78877
1.78886
1.78895
1.78905
1.78915
1.78926
1.78937
1.78948
1.7896
1.78972
1.78985
1.78998
1.79011
1.79025
1.79039
1.79053
1.79068
1.79083
1.79099
1.79114
1.7913
1.79146
1.79163
1.7918
1.79197
1.79214
1.79231
1.79248
1.79266
1.79284
1.79301
1.79319
1.79337
1.79355
1.79373
1.79391
1.79409
1.79427
1.79445
1.79463
1.79481
1.79498
1.79516
1.79533
1.7955
1.79567
1.79584
1.79601
1.79617
1.79633
1.79649
1.79664
1.79679
1.79694
1.79708
1.79722
1.79736
1.79749
1.79762
1.79774
1.79786
1.79797
1.79808
1.79818
1.79828
1.79838
1.79847
1.79855
1.79863
1.7987
1.79877
1.79883
1.79888
1.79893
1.79897
1.79901
1.79904
1.79906
1.79908
1.79909
1.7991
1.7991
1.79909
1.79907
1.79905
1.79902
1.79899
1.79894
1.79889
1.79884
1.79877
1.7987
1.79862
1.79854
1.79845
1.79835
1.79824
1.79812
1.798
1.79787
1.79774
1.79759
1.79744
1.79728
1.79711
1.79694
1.79675
1.79656
1.79636
1.79616
1.79594
1.79572
1.79549
1.79525
1.795
1.79475
1.79448
1.79421
1.79393
1.79364
1.79334
1.79303
1.79272
1.79239
1.79206
1.79172
1.79136
1.791
1.79063
1.79025
1.78986
1.78947
1.78906
1.78864
1.78821
1.78778
1.78733
1.78687
1.78641
1.78593
1.78545
1.78495
1.78445
1.78393
1.78341
1.78288
1.78233
1.78178
1.78122
1.78065
1.78006
1.77948
1.77888
1.77827
1.77765
1.77703
1.7764
1.77576
1.77511
1.77446
1.7738
1.77313
1.77245
1.77177
1.77109
1.7704
1.76971
1.76901
1.76831
1.7676
1.7669
1.76619
1.76548
1.76477
1.76406
1.76335
1.76264
1.76194
1.76124
1.76054
1.75984
1.75915
1.75847
1.75779
1.75712
1.75646
1.75581
1.75517
1.75454
1.75392
1.75331
1.75271
1.75213
1.75156
1.751
1.75046
1.74994
1.74943
1.74894
1.74847
1.74802
1.74758
1.74717
1.74677
1.74639
1.74604
1.7457
1.74539
1.7451
1.74482
1.74457
1.74435
1.74414
1.74396
1.74379
1.74365
1.74353
1.74343
1.74336
1.7433
1.74326
1.74325
1.74325
1.74328
1.74332
1.74339
1.74347
1.74357
1.74369
1.74383
1.74398
1.74415
1.74433
1.74453
1.74474
1.74497
1.74521
1.74547
1.74573
1.74601
1.7463
1.7466
1.7469
1.74722
1.74755
1.74788
1.74822
1.74857
1.74893
1.74929
1.74966
1.75003
1.75041
1.75079
1.75117
1.75156
1.75195
1.75235
1.75274
1.75314
1.75354
1.75395
1.75435
1.75475
1.75516
1.75557
1.75597
1.75638
1.75679
1.75719
1.7576
1.75801
1.75842
1.75882
1.75923
1.75964
1.76004
1.76045
1.76086
1.76126
1.76167
1.76207
1.76248
1.76288
1.76328
1.76369
1.76409
1.7645
1.7649
1.7653
1.76571
1.76611
1.76652
1.76692
1.76733
1.76773
1.76814
1.76855
1.76895
1.76936
1.76977
1.77018
1.77059
1.771
1.77141
1.77183
1.77224
1.77265
1.77307
1.77349
1.7739
1.77432
1.77474
1.77516
1.77558
1.776
1.77643
1.77685
1.77727
1.7777
1.77812
1.77855
1.77898
1.7794
1.77983
1.78026
1.78069
1.78112
1.78155
1.78198
1.7824
1.78283
1.78326
1.78369
1.78412
1.78455
1.78498
1.78541
1.78584
1.78627
1.78669
1.78712
1.78754
1.78797
1.78839
1.78882
1.78924
1.78966
1.79008
1.79049
1.79091
1.79133
1.79174
1.79215
1.79256
1.79297
1.79338
1.79378
1.79419
1.79459
1.79498
1.79538
1.79578
1.79617
1.79656
1.79695
1.79733
1.79771
1.79809
1.79847
1.79884
1.79922
1.79959
1.79995
1.80032
1.80068
1.80103
1.80139
1.80174
1.80209
1.80243
1.80278
1.80312
1.80345
1.80379
1.80412
1.80444
1.80477
1.80509
1.8054
1.80572
1.80603
1.80633
1.80664
1.80694
1.80723
1.80753
1.80782
1.8081
1.80838
1.80866
1.80894
1.80921
1.80948
1.80974
1.81
1.81026
1.81052
1.81077
1.81101
1.81126
1.8115
1.81173
1.81197
1.81219
1.81242
1.81264
1.81286
1.81307
1.81328
1.81349
1.81369
1.81389
1.81409
1.81428
1.81447
1.81465
1.81483
1.81501
1.81518
1.81535
1.81552
1.81568
1.81584
1.81599
1.81614
1.81629
1.81643
1.81657
1.81671
1.81684
1.81697
1.81709
1.81721
1.81733
1.81744
1.81755
1.81765
1.81775
1.81785
1.81794
1.81803
1.81812
1.8182
1.81827
1.81834
1.81841
1.81848
1.81854
1.81859
1.81865
1.81869
1.81874
1.81878
1.81881
1.81885
1.81887
1.8189
1.81892
1.81893
1.81894
1.81895
1.81895
1.81895
1.81894
1.81893
1.81892
1.8189
1.81888
1.81885
1.81882
1.81878
1.81874
1.8187
1.81865
1.8186
1.81854
1.81848
1.81841
1.81834
1.81827
1.81819
1.81811
1.81802
1.81793
1.81784
1.81774
1.81763
1.81753
1.81742
1.8173
1.81718
1.81706
1.81693
1.8168
1.81666
1.81652
1.81638
1.81623
1.81608
1.81593
1.81577
1.81561
1.81544
1.81527
1.8151
1.81492
1.81474
1.81456
1.81437
1.81418
1.81398
1.81379
1.81358
1.81338
1.81317
1.81296
1.81275
1.81253
1.81231
1.81208
1.81185
1.81162
1.81139
1.81115
1.81091
1.81066
1.81041
1.81016
1.80991
1.80965
1.80939
1.80912
1.80886
1.80859
1.80831
1.80803
1.80775
1.80746
1.80717
1.80688
1.80658
1.80628
1.80598
1.80567
1.80535
1.80504
1.80471
1.80439
1.80406
1.80372
1.80338
1.80304
1.80269
1.80233
1.80197
1.80161
1.80124
1.80087
1.80049
1.8001
1.79971
1.79932
1.79892
1.79851
1.7981
1.79769
1.79727
1.79685
1.79642
1.79598
1.79555
1.79511
1.79466
1.79421
1.79376
1.79331
1.79285
1.79239
1.79193
1.79147
1.79101
1.79055
1.79009
1.78963
1.78918
1.78872
1.78827
1.78783
1.78739
1.78695
1.78653
1.78611
1.7857
1.7853
1.78491
1.78453
1.78417
1.78382
1.78348
1.78316
1.78286
1.78258
1.78232
1.78208
1.78185
1.78165
1.78148
1.78133
1.7812
1.7811
1.78103
1.78098
1.78096
1.78097
1.78101
1.78108
1.78118
1.7813
1.78146
1.78165
1.78186
1.78211
1.78239
1.7827
1.78303
1.7834
1.78379
1.78421
1.78466
1.78513
1.78563
1.78615
1.7867
1.78726
1.78785
1.78846
1.78909
1.78974
1.7904
1.79108
1.79177
1.79247
1.79319
1.79392
1.79465
1.79539
1.79614
1.79689
1.79765
1.79841
1.79917
1.79993
1.80069
1.80145
1.80221
1.80296
1.8037
1.80444
1.80518
1.8059
1.80662
1.80733
1.80802
1.80871
1.80939
1.81005
1.8107
1.81134
1.81197
1.81258
1.81318
1.81376
1.81433
1.81489
1.81543
1.81595
1.81647
1.81696
1.81744
1.81791
1.81836
1.8188
1.81922
1.81963
1.82002
1.8204
1.82076
1.82111
1.82144
1.82176
1.82207
1.82237
1.82265
1.82292
1.82317
1.82342
1.82365
1.82387
1.82408
1.82427
1.82446
1.82464
1.8248
1.82496
1.8251
1.82524
1.82537
1.82549
1.8256
1.8257
1.8258
1.82589
1.82597
1.82604
1.82611
1.82617
1.82623
1.82628
1.82632
1.82636
1.82639
1.82642
1.82645
1.82647
1.82649
1.8265
1.82651
1.82652
1.82653
1.82653
1.82653
1.82653
1.82652
1.82652
1.82651
1.8265
1.82649
1.82648
1.82646
1.82645
1.82644
1.82642
1.8264
1.82639
1.82637
1.82635
1.82634
1.82632
1.8263
1.82628
1.82627
1.82625
1.82623
1.82622
1.8262
1.82618
1.82617
1.82615
1.82614
1.82612
1.82611
1.82609
1.82608
1.82606
1.82605
1.82603
1.82602
1.826
1.82599
1.82597
1.82596
1.82594
1.82592
1.8259
1.82588
1.82586
1.82584
1.82582
1.82579
1.82576
1.82574
1.82571
1.82567
1.82564
1.8256
1.82556
1.82552
1.82548
1.82543
1.82538
1.82532
1.82526
1.8252
1.82514
1.82507
1.82499
1.82491
1.82483
1.82474
1.82465
1.82455
1.82445
1.82434
1.82423
1.82411
1.82399
1.82386
1.82373
1.82359
1.82344
1.82329
1.82313
1.82297
1.8228
1.82262
1.82244
1.82226
1.82206
1.82187
1.82166
1.82145
1.82124
1.82102
1.82079
1.82056
1.82032
1.82008
1.81984
1.81959
1.81934
1.81908
1.81882
1.81855
1.81828
1.81801
1.81774
1.81746
1.81718
1.8169
1.81662
1.81634
1.81605
1.81577
1.81549
1.8152
1.81492
1.81464
1.81436
1.81408
1.81381
1.81353
1.81326
1.813
1.81273
1.81247
1.81222
1.81197
1.81173
1.81149
1.81126
1.81103
1.81081
1.8106
1.81039
1.81019
1.81
1.80982
1.80964
1.80948
1.80932
1.80917
1.80903
1.8089
1.80878
1.80866
1.80856
1.80847
1.80838
1.80831
1.80824
1.80819
1.80814
1.8081
1.80808
1.80806
1.80805
1.80805
1.80806
1.80808
1.80811
1.80815
1.80819
1.80825
1.80831
1.80838
1.80846
1.80855
1.80864
1.80874
1.80885
1.80896
1.80909
1.80921
1.80935
1.80949
1.80963
1.80978
1.80993
1.81009
1.81026
1.81042
1.8106
1.81077
1.81095
1.81113
1.81131
1.8115
1.81168
1.81187
1.81206
1.81225
1.81245
1.81264
1.81284
1.81303
1.81323
1.81342
1.81362
1.81381
1.814
1.8142
1.81439
1.81458
1.81477
1.81496
1.81515
1.81534
1.81553
1.81571
1.8159
1.81608
1.81626
1.81644
1.81662
1.8168
1.81698
1.81715
1.81733
1.8175
1.81768
1.81785
1.81802
1.81819
1.81837
1.81854
1.81871
1.81888
1.81905
1.81922
1.81939
1.81957
1.81974
1.81991
1.82009
1.82026
1.82044
1.82062
1.8208
1.82098
1.82116
1.82135
1.82153
1.82172
1.82191
1.8221
1.82229
1.82249
1.82268
1.82288
1.82308
1.82328
1.82349
1.82369
1.8239
1.8241
1.82431
1.82453
1.82474
1.82495
1.82516
1.82538
1.82559
1.82581
1.82603
1.82624
1.82646
1.82668
1.82689
1.82711
1.82732
1.82754
1.82775
1.82796
1.82817
1.82838
1.82859
1.8288
1.829
1.8292
1.8294
1.82959
1.82978
1.82997
1.83016
1.83034
1.83052
1.83069
1.83086
1.83103
1.83119
1.83135
1.8315
1.83165
1.83179
1.83192
1.83206
1.83218
1.8323
1.83242
1.83253
1.83263
1.83273
1.83282
1.83291
1.83299
1.83306
1.83313
1.83319
1.83324
1.83329
1.83333
1.83336
1.83339
1.83341
1.83343
1.83344
1.83344
1.83343
1.83342
1.8334
1.83338
1.83334
1.8333
1.83326
1.83321
1.83315
1.83308
1.83301
1.83293
1.83285
1.83276
1.83266
1.83256
1.83245
1.83234
1.83222
1.83209
1.83196
1.83182
1.83167
1.83152
1.83137
1.83121
1.83104
1.83087
1.83069
1.83051
1.83033
1.83014
1.82994
1.82974
1.82954
1.82933
1.82912
1.8289
1.82869
1.82846
1.82823
1.828
1.82777
1.82753
1.82729
1.82705
1.82681
1.82656
1.82631
1.82605
1.8258
1.82554
1.82528
1.82502
1.82475
1.82449
1.82422
1.82395
1.82368
1.82341
1.82313
1.82286
1.82258
1.8223
1.82202
1.82174
1.82146
1.82118
1.82089
1.82061
1.82032
1.82003
1.81974
1.81945
1.81916
1.81887
1.81857
1.81828
1.81798
1.81768
1.81738
1.81708
1.81677
1.81646
1.81615
1.81584
1.81552
1.81521
1.81489
1.81456
1.81424
1.81391
1.81357
1.81323
1.81289
1.81255
1.8122
1.81184
1.81148
1.81112
1.81075
1.81037
1.80999
1.8096
1.80921
1.80881
1.8084
1.80799
1.80757
1.80715
1.80671
1.80627
1.80582
1.80537
1.8049
1.80443
1.80395
1.80346
1.80296
1.80246
1.80195
1.80143
1.8009
1.80036
1.79981
1.79926
1.79869
1.79812
1.79754
1.79696
1.79636
1.79576
1.79516
1.79454
1.79392
1.7933
1.79266
1.79203
1.79139
1.79074
1.79009
1.78944
1.78879
1.78813
1.78748
1.78682
1.78617
1.78552
1.78487
1.78422
1.78358
1.78294
1.78231
1.78169
1.78108
1.78047
1.77988
1.7793
1.77873
1.77817
1.77763
1.77711
1.7766
1.77611
1.77564
1.77519
1.77477
1.77436
1.77398
1.77363
1.7733
1.77299
1.77271
1.77246
1.77224
1.77205
1.77188
1.77175
1.77165
1.77157
1.77153
1.77152
1.77154
1.77159
1.77167
1.77178
1.77192
1.77209
1.77228
1.77251
1.77277
1.77305
1.77336
1.77369
1.77405
1.77443
1.77483
1.77526
1.77571
1.77617
1.77665
1.77715
1.77767
1.7782
1.77874
1.7793
1.77986
1.78044
1.78102
1.78161
1.7822
1.7828
1.7834
1.78401
1.78461
1.78522
1.78582
1.78642
1.78702
1.78761
1.7882
1.78879
1.78936
1.78993
1.7905
1.79105
1.7916
1.79213
1.79266
1.79318
1.79368
1.79418
1.79467
1.79514
1.7956
1.79605
1.79649
1.79692
1.79734
1.79775
1.79814
1.79852
1.7989
1.79926
1.79961
1.79995
1.80028
1.8006
1.80091
1.80121
1.80151
1.80179
1.80207
1.80233
1.80259
1.80285
1.80309
1.80333
1.80357
1.80379
1.80402
1.80423
1.80445
1.80465
1.80486
1.80506
1.80526
1.80545
1.80564
1.80583
1.80602
1.80621
1.80639
1.80657
1.80676
1.80694
1.80712
1.8073
1.80748
1.80766
1.80784
1.80802
1.80821
1.80839
1.80857
1.80876
1.80894
1.80913
1.80932
1.80951
1.8097
1.80989
1.81009
1.81028
1.81048
1.81068
1.81088
1.81108
1.81128
1.81148
1.81169
1.81189
1.8121
1.81231
1.81251
1.81272
1.81293
1.81314
1.81335
1.81356
1.81377
1.81398
1.81419
1.8144
1.81461
1.81481
1.81502
1.81523
1.81543
1.81564
1.81584
1.81604
1.81624
1.81644
1.81664
1.81683
1.81703
1.81722
1.8174
1.81759
1.81777
1.81795
1.81813
1.81831
1.81848
1.81865
1.81882
1.81898
1.81914
1.81929
1.81945
1.8196
1.81975
1.81989
1.82003
1.82017
1.8203
1.82043
1.82056
1.82068
1.8208
1.82091
1.82103
1.82114
1.82124
1.82135
1.82145
1.82154
1.82164
1.82173
1.82182
1.8219
1.82198
1.82206
1.82214
1.82221
1.82229
1.82236
1.82242
1.82249
1.82255
1.82262
1.82268
1.82273
1.82279
1.82285
1.8229
1.82295
1.82301
1.82306
1.82311
1.82316
1.8232
1.82325
1.8233
1.82335
1.82339
