-0.352931
-0.353076
-0.353227
-0.353384
-0.353548
-0.353718
-0.353889
-0.354071
-0.35426
-0.354457
-0.354657
-0.354864
-0.355077
-0.355295
-0.35552
-0.35575
-0.355986
-0.35623
-0.356476
-0.356726
-0.356984
-0.357246
-0.357512
-0.357784
-0.358062
-0.358343
-0.358634
-0.358927
-0.359222
-0.359521
-0.359823
-0.360132
-0.360443
-0.360754
-0.361069
-0.361388
-0.361707
-0.362031
-0.362357
-0.362685
-0.363015
-0.363342
-0.363675
-0.364006
-0.364342
-0.364678
-0.365015
-0.365352
-0.365689
-0.366029
-0.366368
-0.366707
-0.367039
-0.367374
-0.367708
-0.368041
-0.368373
-0.368705
-0.369034
-0.369358
-0.369682
-0.370004
-0.370324
-0.370641
-0.370955
-0.371266
-0.371572
-0.371879
-0.372179
-0.372474
-0.372769
-0.37306
-0.373349
-0.373631
-0.37391
-0.374182
-0.374452
-0.374716
-0.374974
-0.375231
-0.375483
-0.37573
-0.37597
-0.376207
-0.376439
-0.376669
-0.376891
-0.37711
-0.377322
-0.377528
-0.377729
-0.377925
-0.378118
-0.378305
-0.378482
-0.378657
-0.378825
-0.378989
-0.379149
-0.379301
-0.379446
-0.379585
-0.379721
-0.379852
-0.379977
-0.380097
-0.380212
-0.380321
-0.380427
-0.380525
-0.380616
-0.380706
-0.380792
-0.380867
-0.380939
-0.381007
-0.381069
-0.381127
-0.381179
-0.381229
-0.381272
-0.38131
-0.381344
-0.381375
-0.381397
-0.381416
-0.381431
-0.381445
-0.381451
-0.381453
-0.381454
-0.381447
-0.381437
-0.381423
-0.381407
-0.381385
-0.381357
-0.381328
-0.381295
-0.38126
-0.38122
-0.381176
-0.38113
-0.381075
-0.381021
-0.380965
-0.380905
-0.38084
-0.380777
-0.380709
-0.38064
-0.380564
-0.380487
-0.380409
-0.380327
-0.380241
-0.380155
-0.380067
-0.379977
-0.379882
-0.379787
-0.379686
-0.379588
-0.379488
-0.379384
-0.379281
-0.379176
-0.37907
-0.378964
-0.378858
-0.378748
-0.378639
-0.378529
-0.378415
-0.378304
-0.378189
-0.378073
-0.377961
-0.377844
-0.377729
-0.377611
-0.377495
-0.377377
-0.377258
-0.377142
-0.377023
-0.376902
-0.376783
-0.376665
-0.37655
-0.376432
-0.376315
-0.376201
-0.376086
-0.375971
-0.375859
-0.375746
-0.375634
-0.375523
-0.375413
-0.375305
-0.375197
-0.375091
-0.374992
-0.374889
-0.374788
-0.374686
-0.374588
-0.374493
-0.374399
-0.374305
-0.374217
-0.374132
-0.374046
-0.373966
-0.373885
-0.373806
-0.37373
-0.373659
-0.373587
-0.373519
-0.373453
-0.373389
-0.373326
-0.373268
-0.373213
-0.37316
-0.37311
-0.373065
-0.373021
-0.372975
-0.372936
-0.372901
-0.372868
-0.372837
-0.37281
-0.372788
-0.372766
-0.372747
-0.372731
-0.372718
-0.372707
-0.372699
-0.372694
-0.372691
-0.372686
-0.372686
-0.372691
-0.372696
-0.372709
-0.372718
-0.372733
-0.372749
-0.372771
-0.372789
-0.372815
-0.37284
-0.372864
-0.372893
-0.372917
-0.372947
-0.372981
-0.373016
-0.373053
-0.373096
-0.373136
-0.373177
-0.37322
-0.373263
-0.37331
-0.373356
-0.373402
-0.373449
-0.373499
-0.373548
-0.373597
-0.373647
-0.3737
-0.37375
-0.373799
-0.373848
-0.373897
-0.373948
-0.373998
-0.374052
-0.374103
-0.374155
-0.374206
-0.37426
-0.374311
-0.374361
-0.374411
-0.374461
-0.374511
-0.374557
-0.374606
-0.374653
-0.374701
-0.374747
-0.374796
-0.374841
-0.374886
-0.37493
-0.374973
-0.375016
-0.375058
-0.375099
-0.375139
-0.375176
-0.375215
-0.375255
-0.375293
-0.375329
-0.375365
-0.375402
-0.375437
-0.37547
-0.375503
-0.375535
-0.375569
-0.3756
-0.375633
-0.375663
-0.375692
-0.375714
-0.375742
-0.37577
-0.3758
-0.375827
-0.375853
-0.37588
-0.375908
-0.375934
-0.375962
-0.375987
-0.376013
-0.376038
-0.376064
-0.376089
-0.376112
-0.376138
-0.376166
-0.376192
-0.376218
-0.376245
-0.376272
-0.376299
-0.376325
-0.376353
-0.37638
-0.37641
-0.376437
-0.376466
-0.376498
-0.376533
-0.376566
-0.3766
-0.376637
-0.376673
-0.376718
-0.37676
-0.3768
-0.376842
-0.376886
-0.376928
-0.376967
-0.377012
-0.377059
-0.377106
-0.377153
-0.377205
-0.377254
-0.377307
-0.377361
-0.377417
-0.377471
-0.377532
-0.377592
-0.377653
-0.377718
-0.377782
-0.377847
-0.377916
-0.377984
-0.378054
-0.378125
-0.378192
-0.378266
-0.378341
-0.378417
-0.378494
-0.378573
-0.378653
-0.378734
-0.378819
-0.3789
-0.378984
-0.379069
-0.379155
-0.379243
-0.379331
-0.37942
-0.379507
-0.379602
-0.379686
-0.379777
-0.379867
-0.379962
-0.38005
-0.380143
-0.380237
-0.380333
-0.380424
-0.380515
-0.380611
-0.380707
-0.380802
-0.380898
-0.380988
-0.38108
-0.381171
-0.381262
-0.381354
-0.381443
-0.381534
-0.381623
-0.381709
-0.381794
-0.38188
-0.381964
-0.382044
-0.382123
-0.3822
-0.382278
-0.382353
-0.382424
-0.382498
-0.382565
-0.382629
-0.382693
-0.38275
-0.382809
-0.382863
-0.382914
-0.382966
-0.383011
-0.383053
-0.383091
-0.383123
-0.383154
-0.383182
-0.383206
-0.383226
-0.383241
-0.383251
-0.383258
-0.383262
-0.383263
-0.383257
-0.383249
-0.383234
-0.383217
-0.383192
-0.383162
-0.383125
-0.383087
-0.383041
-0.38299
-0.382934
-0.382872
-0.382804
-0.382728
-0.38265
-0.382565
-0.382473
-0.382375
-0.382271
-0.382162
-0.382048
-0.381926
-0.381796
-0.381659
-0.381516
-0.381365
-0.381208
-0.381044
-0.38087
-0.380692
-0.380506
-0.380313
-0.380113
-0.379901
-0.379686
-0.379464
-0.379235
-0.378998
-0.378754
-0.378502
-0.37824
-0.377973
-0.377698
-0.377416
-0.377124
-0.376826
-0.376524
-0.376212
-0.375894
-0.375569
-0.375234
-0.374889
-0.374542
-0.374184
-0.37382
-0.373446
-0.373067
-0.372681
-0.372288
-0.37189
-0.371483
-0.371072
-0.370654
-0.370228
-0.369792
-0.369353
-0.368907
-0.368453
-0.368
-0.367537
-0.367065
-0.366593
-0.366116
-0.365631
-0.365139
-0.364645
-0.364146
-0.363642
-0.363137
-0.362628
-0.362113
-0.361594
-0.361071
-0.360548
-0.360022
-0.359489
-0.358955
-0.358421
-0.357883
-0.357343
-0.356801
-0.356256
-0.355711
-0.355168
-0.354619
-0.354071
-0.353528
-0.352978
-0.352429
-0.351881
-0.351333
-0.350782
-0.350235
-0.34969
-0.349144
-0.348599
-0.348052
-0.347506
-0.346964
-0.346421
-0.345878
-0.34534
-0.344802
-0.344266
-0.343732
-0.343198
-0.342666
-0.342135
-0.341603
-0.341075
-0.340548
-0.340021
-0.339494
-0.338969
-0.338443
-0.337922
-0.337399
-0.336876
-0.336354
-0.335831
-0.335308
-0.334785
-0.334264
-0.333742
-0.333216
-0.332687
-0.332164
-0.331635
-0.331102
-0.330572
-0.33004
-0.329504
-0.328966
-0.328423
-0.32788
-0.327335
-0.326787
-0.326235
-0.325681
-0.325126
-0.32457
-0.324009
-0.323448
-0.322884
-0.322316
-0.321751
-0.321184
-0.320616
-0.320053
-0.319488
-0.318924
-0.318365
-0.317803
-0.317247
-0.316695
-0.316145
-0.315603
-0.315068
-0.314542
-0.314023
-0.313514
-0.313016
-0.312529
-0.312058
-0.311599
-0.311159
-0.310732
-0.310324
-0.309933
-0.309566
-0.30922
-0.308895
-0.308598
-0.308321
-0.308076
-0.30786
-0.307668
-0.307511
-0.307383
-0.307291
-0.307231
-0.307203
-0.307211
-0.307252
-0.307332
-0.307444
-0.307592
-0.307774
-0.307993
-0.308248
-0.308536
-0.308858
-0.309217
-0.309607
-0.310032
-0.310491
-0.310978
-0.311496
-0.312041
-0.312612
-0.313208
-0.31383
-0.314478
-0.315147
-0.315833
-0.316537
-0.317257
-0.317991
-0.31874
-0.319497
-0.320263
-0.321036
-0.321814
-0.322594
-0.323377
-0.324161
-0.324943
-0.325721
-0.326495
-0.327262
-0.328019
-0.328769
-0.329508
-0.330235
-0.330952
-0.331654
-0.332336
-0.333004
-0.333655
-0.334288
-0.334902
-0.335494
-0.336068
-0.336621
-0.337153
-0.337663
-0.338151
-0.338617
-0.33906
-0.339484
-0.339882
-0.340257
-0.340607
-0.340937
-0.341245
-0.341528
-0.341794
-0.34204
-0.34226
-0.342459
-0.342637
-0.342796
-0.342934
-0.343059
-0.343159
-0.343245
-0.34331
-0.343356
-0.343393
-0.343411
-0.343411
-0.343399
-0.343374
-0.343334
-0.343285
-0.343225
-0.343154
-0.343072
-0.342984
-0.342887
-0.342784
-0.342675
-0.342562
-0.342443
-0.34232
-0.342192
-0.342064
-0.341932
-0.341802
-0.341672
-0.341544
-0.341417
-0.341292
-0.341171
-0.341054
-0.340944
-0.340836
-0.340733
-0.340638
-0.340549
-0.340469
-0.340398
-0.340338
-0.340286
-0.340241
-0.340211
-0.340192
-0.340183
-0.340185
-0.340198
-0.340225
-0.340264
-0.340316
-0.340381
-0.34046
-0.340552
-0.34066
-0.34078
-0.340916
-0.341063
-0.341229
-0.341405
-0.341594
-0.341799
-0.342014
-0.342244
-0.342488
-0.342745
-0.343017
-0.3433
-0.343595
-0.343902
-0.344222
-0.344555
-0.344897
-0.345249
-0.345612
-0.345985
-0.346368
-0.346762
-0.347162
-0.347571
-0.347986
-0.34841
-0.348842
-0.349275
-0.349716
-0.35016
-0.350611
-0.351066
-0.351524
-0.351985
-0.352448
-0.352912
-0.353381
-0.353847
-0.354314
-0.354779
-0.355244
-0.355707
-0.356168
-0.356626
-0.357081
-0.357532
-0.357977
-0.358419
-0.358858
-0.359292
-0.359714
-0.360132
-0.360541
-0.360947
-0.361344
-0.361729
-0.362107
-0.362475
-0.362835
-0.363184
-0.363522
-0.36385
-0.364167
-0.364473
-0.364765
-0.365044
-0.365314
-0.365572
-0.365816
-0.366053
-0.366271
-0.366476
-0.366668
-0.366845
-0.367009
-0.367159
-0.367295
-0.367416
-0.367522
-0.367615
-0.367695
-0.367758
-0.367804
-0.367837
-0.367856
-0.367857
-0.367846
-0.367821
-0.367783
-0.367728
-0.367661
-0.367577
-0.36748
-0.367365
-0.367238
-0.367097
-0.366942
-0.366773
-0.366591
-0.366391
-0.366182
-0.365963
-0.365729
-0.365488
-0.365227
-0.364957
-0.364675
-0.36438
-0.364076
-0.363765
-0.363441
-0.363112
-0.36277
-0.362418
-0.362059
-0.361691
-0.361316
-0.360934
-0.360548
-0.360151
-0.359751
-0.359349
-0.358938
-0.358525
-0.358111
-0.357692
-0.357271
-0.356849
-0.356423
-0.356002
-0.355578
-0.35516
-0.354736
-0.354316
-0.353902
-0.353486
-0.353075
-0.352672
-0.352266
-0.35187
-0.35148
-0.351096
-0.35072
-0.35035
-0.349989
-0.349638
-0.349294
-0.348959
-0.348633
-0.348317
-0.348014
-0.347719
-0.347436
-0.347165
-0.346904
-0.346654
-0.346414
-0.346188
-0.345974
-0.34577
-0.345578
-0.345401
-0.345239
-0.345084
-0.344944
-0.344816
-0.3447
-0.344596
-0.344504
-0.344423
-0.344354
-0.344297
-0.34425
-0.344214
-0.344185
-0.34417
-0.344164
-0.344168
-0.34418
-0.344204
-0.344231
-0.344269
-0.344314
-0.344367
-0.344423
-0.344496
-0.344562
-0.344641
-0.344718
-0.344804
-0.344894
-0.344988
-0.345086
-0.345183
-0.345286
-0.34539
-0.345496
-0.345603
-0.345711
-0.345822
-0.345932
-0.34604
-0.346142
-0.346248
-0.346355
-0.346452
-0.346553
-0.34665
-0.346745
-0.34684
-0.346933
-0.34702
-0.347099
-0.347178
-0.347252
-0.34732
-0.347382
-0.34744
-0.347492
-0.347538
-0.347579
-0.347614
-0.347643
-0.347669
-0.347685
-0.347695
-0.347698
-0.347695
-0.347683
-0.347666
-0.347641
-0.34761
-0.347572
-0.347526
-0.347473
-0.347413
-0.347347
-0.347269
-0.347187
-0.347096
-0.346996
-0.34689
-0.346777
-0.346657
-0.346528
-0.346392
-0.346249
-0.3461
-0.345944
-0.345777
-0.345604
-0.345423
-0.345236
-0.345038
-0.344832
-0.344624
-0.344406
-0.344181
-0.343949
-0.343712
-0.343465
-0.343212
-0.342953
-0.342686
-0.342413
-0.342135
-0.341849
-0.341557
-0.34126
-0.340953
-0.340642
-0.340328
-0.340006
-0.339678
-0.339342
-0.339005
-0.338659
-0.338308
-0.337952
-0.337593
-0.33723
-0.336863
-0.336491
-0.336118
-0.335738
-0.335355
-0.334968
-0.334578
-0.334185
-0.333789
-0.333386
-0.332983
-0.332579
-0.332169
-0.331767
-0.331356
-0.330947
-0.330536
-0.330119
-0.329707
-0.329293
-0.328878
-0.328468
-0.328056
-0.327646
-0.327234
-0.326828
-0.326421
-0.326019
-0.325616
-0.325214
-0.324814
-0.324421
-0.32403
-0.323641
-0.323259
-0.322883
-0.322509
-0.322143
-0.32178
-0.321423
-0.321074
-0.320732
-0.320393
-0.320064
-0.31974
-0.319423
-0.319114
-0.318814
-0.318521
-0.318235
-0.317961
-0.317696
-0.317438
-0.317192
-0.316956
-0.316733
-0.316518
-0.316314
-0.31612
-0.315936
-0.315765
-0.315606
-0.315458
-0.315318
-0.315192
-0.315082
-0.31498
-0.314895
-0.314819
-0.314759
-0.314711
-0.314672
-0.314653
-0.314642
-0.314638
-0.314649
-0.314671
-0.314708
-0.314755
-0.314813
-0.314885
-0.314962
-0.315054
-0.315158
-0.315269
-0.315399
-0.315534
-0.315676
-0.315831
-0.315997
-0.31617
-0.316352
-0.31654
-0.316738
-0.316944
-0.317158
-0.317379
-0.317606
-0.31784
-0.318077
-0.318322
-0.318572
-0.318827
-0.319087
-0.31935
-0.319615
-0.319885
-0.320158
-0.320434
-0.320709
-0.320988
-0.321269
-0.321551
-0.321831
-0.322111
-0.322393
-0.322676
-0.32296
-0.32324
-0.323522
-0.323797
-0.32407
-0.324346
-0.32462
-0.324888
-0.325154
-0.325416
-0.325675
-0.325933
-0.326185
-0.32643
-0.326674
-0.326913
-0.32715
-0.32738
-0.327606
-0.327826
-0.32804
-0.328248
-0.328451
-0.328654
-0.328851
-0.329043
-0.329227
-0.329411
-0.329584
-0.32975
-0.329912
-0.330069
-0.33022
-0.330366
-0.330507
-0.330642
-0.330771
-0.330895
-0.331017
-0.33113
-0.331238
-0.331344
-0.331444
-0.331537
-0.331626
-0.331711
-0.33179
-0.331864
-0.331933
-0.331998
-0.332058
-0.332112
-0.332162
-0.33221
-0.332256
-0.332296
-0.332335
-0.332371
-0.3324
-0.332427
-0.33245
-0.33247
-0.332487
-0.332502
-0.332513
-0.332523
-0.33253
-0.332534
-0.332539
-0.332537
-0.332534
-0.332531
-0.332531
-0.332527
-0.332518
-0.332509
-0.3325
-0.332489
-0.332478
-0.332466
-0.332454
-0.332439
-0.332428
-0.332415
-0.332402
-0.332389
-0.332374
-0.332364
-0.332347
-0.332335
-0.332324
-0.332314
-0.332305
-0.332297
-0.33229
-0.332284
-0.332274
-0.332271
-0.332267
-0.332266
-0.332265
-0.332266
-0.33227
-0.332277
-0.332285
-0.332298
-0.332311
-0.332323
-0.33234
-0.332359
-0.33238
-0.332403
-0.332432
-0.33246
-0.332491
-0.332524
-0.332562
-0.332605
-0.332646
-0.332687
-0.332731
-0.33278
-0.332831
-0.332885
-0.332942
-0.333001
-0.333066
-0.33313
-0.333205
-0.333275
-0.333348
-0.33342
-0.333494
-0.333574
-0.333662
-0.333748
-0.333836
-0.333926
-0.33402
-0.334115
-0.334215
-0.334311
-0.334414
-0.334519
-0.334626
-0.334735
-0.334847
-0.334963
-0.335079
-0.335194
-0.335314
-0.335435
-0.335558
-0.335684
-0.335808
-0.335934
-0.33606
-0.336191
-0.336325
-0.336461
-0.336597
-0.336732
-0.336871
-0.33701
-0.337153
-0.337295
-0.337435
-0.337578
-0.337722
-0.337867
-0.338013
-0.338159
-0.338306
-0.338453
-0.338603
-0.33875
-0.338896
-0.339041
-0.33919
-0.33934
-0.339488
-0.339636
-0.339784
-0.339931
-0.34008
-0.340227
-0.340375
-0.34052
-0.340663
-0.340807
-0.34095
-0.341092
-0.341231
-0.341372
-0.341511
-0.341647
-0.341786
-0.341921
-0.342055
-0.342188
-0.342319
-0.342451
-0.342582
-0.342708
-0.342833
-0.342956
-0.343076
-0.343195
-0.343312
-0.343427
-0.343539
-0.34365
-0.343758
-0.343864
-0.343967
-0.344068
-0.344169
-0.344263
-0.344356
-0.344447
-0.344532
-0.344618
-0.3447
-0.34478
-0.344856
-0.344932
-0.345
-0.34507
-0.345135
-0.345194
-0.345252
-0.345307
-0.345356
-0.345402
-0.345444
-0.34549
-0.345528
-0.345565
-0.345599
-0.345624
-0.34565
-0.345673
-0.345687
-0.3457
-0.345711
-0.345715
-0.345716
-0.345714
-0.345709
-0.345699
-0.345686
-0.345669
-0.345647
-0.345623
-0.345594
-0.345561
-0.345522
-0.34548
-0.345435
-0.345387
-0.345335
-0.345279
-0.34522
-0.345156
-0.345089
-0.345018
-0.344943
-0.344864
-0.344782
-0.344699
-0.344609
-0.344518
-0.344424
-0.344324
-0.34422
-0.344113
-0.344003
-0.343889
-0.343775
-0.343655
-0.343532
-0.343406
-0.343277
-0.343146
-0.343011
-0.342874
-0.342735
-0.342593
-0.342449
-0.342301
-0.342153
-0.342
-0.341851
-0.341697
-0.341542
-0.341386
-0.341228
-0.341072
-0.340915
-0.340755
-0.340594
-0.340431
-0.34027
-0.340111
-0.33995
-0.339791
-0.339631
-0.339469
-0.33931
-0.339155
-0.339002
-0.338847
-0.338694
-0.338541
-0.338392
-0.338246
-0.338102
-0.337961
-0.337823
-0.337689
-0.337557
-0.33743
-0.337303
-0.337186
-0.337071
-0.33696
-0.336853
-0.336752
-0.336656
-0.336565
-0.336479
-0.336399
-0.336325
-0.336257
-0.336198
-0.336142
-0.336091
-0.336046
-0.336011
-0.335982
-0.335961
-0.335944
-0.335938
-0.335938
-0.335947
-0.335963
-0.335986
-0.336018
-0.336058
-0.336103
-0.336156
-0.336217
-0.336287
-0.336367
-0.336455
-0.336552
-0.336656
-0.336769
-0.33689
-0.33702
-0.337157
-0.337301
-0.337454
-0.337616
-0.337786
-0.337964
-0.338152
-0.338345
-0.338548
-0.338757
-0.338971
-0.339194
-0.339425
-0.339662
-0.339912
-0.340161
-0.340422
-0.340684
-0.340955
-0.341233
-0.341516
-0.341801
-0.342097
-0.342395
-0.342704
-0.343015
-0.343332
-0.343653
-0.34398
-0.344313
-0.34465
-0.344989
-0.345332
-0.345681
-0.346031
-0.346385
-0.346746
-0.347106
-0.347469
-0.347834
-0.348201
-0.348571
-0.348942
-0.349316
-0.349689
-0.350065
-0.350443
-0.350819
-0.351199
-0.35158
-0.351961
-0.352342
-0.352724
-0.353108
-0.35349
-0.353871
-0.354252
-0.354633
-0.355017
-0.355396
-0.355774
-0.356151
-0.356529
-0.356901
-0.357274
-0.357645
-0.358015
-0.358383
-0.358749
-0.359117
-0.359479
-0.359841
-0.360198
-0.360553
-0.360905
-0.361255
-0.3616
-0.361942
-0.362284
-0.362623
-0.362961
-0.363294
-0.363622
-0.363949
-0.364273
-0.364594
-0.364911
-0.365225
-0.365536
-0.365844
-0.366148
-0.366446
-0.366741
-0.367035
-0.36733
-0.367616
-0.367899
-0.368179
-0.368454
-0.368724
-0.368992
-0.369257
-0.369518
-0.369772
-0.370028
-0.370274
-0.370517
-0.370759
-0.371003
-0.371241
-0.371471
-0.371696
-0.371917
-0.372132
-0.372348
-0.372561
-0.372766
-0.372966
-0.373163
-0.373357
-0.373545
-0.373728
-0.373909
-0.374086
-0.374258
-0.374423
-0.374586
-0.374745
-0.374894
-0.375041
-0.375181
-0.375321
-0.375454
-0.375582
-0.375705
-0.375826
-0.375939
-0.376048
-0.376151
-0.37625
-0.376341
-0.376429
-0.376512
-0.37659
-0.376663
-0.376731
-0.376796
-0.376853
-0.376905
-0.376952
-0.376996
-0.377032
-0.377066
-0.377091
-0.377114
-0.377129
-0.377136
-0.377141
-0.37714
-0.377136
-0.37712
-0.377106
-0.377085
-0.37706
-0.377028
-0.376989
-0.376947
-0.3769
-0.376846
-0.376787
-0.376726
-0.37666
-0.376589
-0.376514
-0.376435
-0.376352
-0.376264
-0.376172
-0.376077
-0.375977
-0.375874
-0.37577
-0.37566
-0.375545
-0.375429
-0.375311
-0.375189
-0.375065
-0.374942
-0.374814
-0.374682
-0.37455
-0.374417
-0.374283
-0.374146
-0.374008
-0.37387
-0.373731
-0.373595
-0.373461
-0.373326
-0.373191
-0.373056
-0.372923
-0.372795
-0.372667
-0.372541
-0.372415
-0.372294
-0.372178
-0.372061
-0.371948
-0.371841
-0.371741
-0.371641
-0.371547
-0.371459
-0.371376
-0.371299
-0.371228
-0.371163
-0.371105
-0.371055
-0.371013
-0.370978
-0.370948
-0.370923
-0.370909
-0.370903
-0.370903
-0.370914
-0.370934
-0.370963
-0.371001
-0.371045
-0.371105
-0.371171
-0.371249
-0.37134
-0.371434
-0.371542
-0.371657
-0.371786
-0.371922
-0.37207
-0.372226
-0.37239
-0.372566
-0.372752
-0.372947
-0.373153
-0.373368
-0.373592
-0.373826
-0.374068
-0.374317
-0.374575
-0.374845
-0.375121
-0.375405
-0.375697
-0.375995
-0.376296
-0.376607
-0.376927
-0.377248
-0.377579
-0.377912
-0.378252
-0.378594
-0.378939
-0.379287
-0.379635
-0.379987
-0.380341
-0.380696
-0.381051
-0.381407
-0.381761
-0.382115
-0.382467
-0.382818
-0.383165
-0.38351
-0.383853
-0.38419
-0.384522
-0.384849
-0.385171
-0.385486
-0.385795
-0.386098
-0.386392
-0.38668
-0.386959
-0.387229
-0.387493
-0.387743
-0.387985
-0.388218
-0.38844
-0.388657
-0.388861
-0.389048
-0.389225
-0.38939
-0.389546
-0.389692
-0.389825
-0.389945
-0.390053
-0.390149
-0.390232
-0.390304
-0.390363
-0.39041
-0.390447
-0.39047
-0.39048
-0.390479
-0.390466
-0.390441
-0.390402
-0.390354
-0.390296
-0.390224
-0.390143
-0.390053
-0.389952
-0.389843
-0.389723
-0.389593
-0.389455
-0.389308
-0.38915
-0.388986
-0.388815
-0.388636
-0.38845
-0.388258
-0.38806
-0.387853
-0.387643
-0.387425
-0.387205
-0.386977
-0.386746
-0.38651
-0.386273
-0.386033
-0.385788
-0.385541
-0.38529
-0.385039
-0.384787
-0.384532
-0.384273
-0.384013
-0.383756
-0.383499
-0.383238
-0.382979
-0.382719
-0.382457
-0.382194
-0.381932
-0.381669
-0.381407
-0.381145
-0.380884
-0.380621
-0.380361
-0.3801
-0.379843
-0.379589
-0.379334
-0.379081
-0.378831
-0.378578
-0.378332
-0.378091
-0.377851
-0.37762
-0.377385
-0.377162
-0.376939
-0.376723
-0.37651
-0.376304
-0.3761
-0.375907
-0.375725
-0.375548
-0.375381
-0.375222
-0.375074
-0.374932
-0.374805
-0.37469
-0.374588
-0.374498
-0.374419
-0.374357
-0.374306
-0.374275
-0.374256
-0.374253
-0.374265
-0.374291
-0.374335
-0.374395
-0.374468
-0.37456
-0.37467
-0.374793
-0.374928
-0.375083
-0.375249
-0.37543
-0.375615
-0.37582
-0.376037
-0.376263
-0.376498
-0.376747
-0.376998
-0.377254
-0.377515
-0.377781
-0.378046
-0.378314
-0.378578
-0.378842
-0.379099
-0.37935
-0.379594
-0.379828
-0.380056
-0.380268
-0.380463
-0.380645
-0.38081
-0.380958
-0.381087
-0.381193
-0.381277
-0.381337
-0.381372
-0.381381
-0.381363
-0.381314
-0.381239
-0.381136
-0.381
-0.380835
-0.380635
-0.380403
-0.38014
-0.379844
-0.379514
-0.379147
-0.378752
-0.378315
-0.377847
-0.377344
-0.37681
-0.376243
-0.37564
-0.375005
-0.374339
-0.37364
-0.372909
-0.372148
-0.371359
-0.370539
-0.36969
-0.368814
-0.367912
-0.366986
-0.366034
-0.365058
-0.36406
-0.36304
-0.362004
-0.360947
-0.35987
-0.358778
-0.357669
-0.356544
-0.355407
-0.35426
-0.3531
-0.351933
-0.350755
-0.34957
-0.348382
-0.347187
-0.345993
-0.344793
-0.343593
-0.342395
-0.341196
-0.339999
-0.338808
-0.337623
-0.336445
-0.335275
-0.334115
-0.332963
-0.331822
-0.3307
-0.32959
-0.328493
-0.327416
-0.326357
-0.325319
-0.324297
-0.3233
-0.32233
-0.321378
-0.320451
-0.319553
-0.318683
-0.317842
-0.31703
-0.31625
-0.315498
-0.314786
-0.314103
-0.313458
-0.312849
-0.312278
-0.311746
-0.311253
-0.310798
-0.310382
-0.310005
-0.309671
-0.30938
-0.30913
-0.308921
-0.308755
-0.308634
-0.308556
-0.308522
-0.308533
-0.308585
-0.30868
-0.308817
-0.308997
-0.309218
-0.309481
-0.309784
-0.310127
-0.310507
-0.310929
-0.311389
-0.311887
-0.31242
-0.312981
-0.313579
-0.31421
-0.314872
-0.315563
-0.316286
-0.317033
-0.317806
-0.318603
-0.319423
-0.320265
-0.321127
-0.322008
-0.322906
-0.323817
-0.324745
-0.325689
-0.326642
-0.327608
-0.328583
-0.329563
-0.330552
-0.331544
-0.332541
-0.33354
-0.334537
-0.335534
-0.336533
-0.337528
-0.338523
-0.339511
-0.340497
-0.341477
-0.342451
-0.343415
-0.344373
-0.345323
-0.346263
-0.34719
-0.348109
-0.349014
-0.349911
-0.350794
-0.351664
-0.352518
-0.353363
-0.354194
-0.355008
-0.355805
-0.356589
-0.357358
-0.358111
-0.358848
-0.359571
-0.360276
-0.360964
-0.361636
-0.362292
-0.36293
-0.363552
-0.364157
-0.364743
-0.365314
-0.365866
-0.366401
-0.366928
-0.367431
-0.36792
-0.368389
-0.368848
-0.369283
-0.369704
-0.370105
-0.370489
-0.370852
-0.371203
-0.371536
-0.371853
-0.372153
-0.372436
-0.372703
-0.372953
-0.373183
-0.373397
-0.373597
-0.373772
-0.373936
-0.374086
-0.374219
-0.374335
-0.374437
-0.374518
-0.374585
-0.374632
-0.374665
-0.374677
-0.374677
-0.374661
-0.374628
-0.374578
-0.374512
-0.374432
-0.374335
-0.374219
-0.374087
-0.373939
-0.373774
-0.373593
-0.373396
-0.373183
-0.372954
-0.372711
-0.372453
-0.372177
-0.371885
-0.37158
-0.371259
-0.370922
-0.37057
-0.370205
-0.369822
-0.369429
-0.369024
-0.368604
-0.368172
-0.367727
-0.367273
-0.366802
-0.366323
-0.365837
-0.365338
-0.36483
-0.364316
-0.363794
-0.36326
-0.362722
-0.36218
-0.361634
-0.361084
-0.360528
-0.35997
-0.35941
-0.358855
-0.35829
-0.357731
-0.357175
-0.356625
-0.356081
-0.35554
-0.355004
-0.354474
-0.353956
-0.353445
-0.352944
-0.352455
-0.351979
-0.351516
-0.351065
-0.350632
-0.350218
-0.349819
-0.349441
-0.349076
-0.348732
-0.34841
-0.348109
-0.34783
-0.347573
-0.347341
-0.34713
-0.346939
-0.346776
-0.346638
-0.346522
-0.346428
-0.34636
-0.346314
-0.346295
-0.346299
-0.346324
-0.346375
-0.346451
-0.346547
-0.346667
-0.346803
-0.34696
-0.347139
-0.347337
-0.347553
-0.347787
-0.348037
-0.348302
-0.348583
-0.348875
-0.349182
-0.3495
-0.34983
-0.350169
-0.350517
-0.350873
-0.351236
-0.351604
-0.351977
-0.352353
-0.352733
-0.353114
-0.353494
-0.353876
-0.354255
-0.354637
-0.355016
-0.355389
-0.355761
-0.356128
-0.356489
-0.356841
-0.357187
-0.357525
-0.357855
-0.358177
-0.358489
-0.358787
-0.35908
-0.359362
-0.359634
-0.359894
-0.360139
-0.360373
-0.360596
-0.360809
-0.361007
-0.361198
-0.361373
-0.361535
-0.361684
-0.361823
-0.361948
-0.362058
-0.362157
-0.36224
-0.362312
-0.362369
-0.36241
-0.362438
-0.362455
-0.362459
-0.362449
-0.362427
-0.362392
-0.362345
-0.362286
-0.362213
-0.362128
-0.36203
-0.36192
-0.361793
-0.361659
-0.361513
-0.36136
-0.361191
-0.361012
-0.36082
-0.360617
-0.360403
-0.360178
-0.359942
-0.359696
-0.359439
-0.359172
-0.358895
-0.35861
-0.358315
-0.358008
-0.35769
-0.357362
-0.357027
-0.35668
-0.35633
-0.355968
-0.3556
-0.355221
-0.354832
-0.354436
-0.354035
-0.353624
-0.353207
-0.352781
-0.352345
-0.351904
-0.351453
-0.350998
-0.350537
-0.350071
-0.349596
-0.349116
-0.348629
-0.348137
-0.34764
-0.347137
-0.346626
-0.346113
-0.345595
-0.345076
-0.344552
-0.344022
-0.343485
-0.342948
-0.342407
-0.341864
-0.341315
-0.340767
-0.340216
-0.339662
-0.33911
-0.338555
-0.337999
-0.337442
-0.336883
-0.336324
-0.335768
-0.335212
-0.334658
-0.334105
-0.333553
-0.333002
-0.332455
-0.331911
-0.331371
-0.330833
-0.330298
-0.329769
-0.329245
-0.328725
-0.328211
-0.327703
-0.327201
-0.326703
-0.326209
-0.325727
-0.325252
-0.324786
-0.324327
-0.323876
-0.323437
-0.323004
-0.32258
-0.322166
-0.321761
-0.321367
-0.320982
-0.320608
-0.320245
-0.319895
-0.319553
-0.319222
-0.318903
-0.318597
-0.3183
-0.318014
-0.31774
-0.317478
-0.317227
-0.316988
-0.316761
-0.316544
-0.316345
-0.316149
-0.315967
-0.315797
-0.315642
-0.315494
-0.315354
-0.315227
-0.315111
-0.315005
-0.314907
-0.314824
-0.314747
-0.314681
-0.314626
-0.314577
-0.314537
-0.314504
-0.31448
-0.314463
-0.314455
-0.314455
-0.314461
-0.314474
-0.314492
-0.31452
-0.314549
-0.314584
-0.314626
-0.314669
-0.314721
-0.314777
-0.314842
-0.314904
-0.314964
-0.315033
-0.315109
-0.315186
-0.315264
-0.315346
-0.315429
-0.315513
-0.3156
-0.315687
-0.315778
-0.315867
-0.315957
-0.316048
-0.316139
-0.31623
-0.316321
-0.316412
-0.316504
-0.316594
-0.316684
-0.31677
-0.316858
-0.316943
-0.317028
-0.317113
-0.317197
-0.317279
-0.317361
-0.31744
-0.317521
-0.317602
-0.317678
-0.317752
-0.317826
-0.317897
-0.317963
-0.318031
-0.318096
-0.31816
-0.318221
-0.318286
-0.318345
-0.318403
-0.318459
-0.318513
-0.318566
-0.318618
-0.31867
-0.318718
-0.318765
-0.318811
-0.318858
-0.318901
-0.318943
-0.318983
-0.319022
-0.319061
-0.319098
-0.319129
-0.319164
-0.319198
-0.319232
-0.319264
-0.319298
-0.319332
-0.319359
-0.319391
-0.31942
-0.319449
-0.319477
-0.319504
-0.319532
-0.319558
-0.319587
-0.319611
-0.319635
-0.31966
-0.319686
-0.319714
-0.31974
-0.319767
-0.319795
-0.319821
-0.319847
-0.319873
-0.319896
-0.319925
-0.319951
-0.31998
-0.320007
-0.320037
-0.320065
-0.32009
-0.320121
-0.320152
-0.320181
-0.320211
-0.320241
-0.320272
-0.320305
-0.320337
-0.320369
-0.320404
-0.320433
-0.320464
-0.320498
-0.320531
-0.320566
-0.320602
-0.320637
-0.320674
-0.320711
-0.32075
-0.320788
-0.320828
-0.320868
-0.320908
-0.320947
-0.320988
-0.32103
-0.32107
-0.321113
-0.321156
-0.3212
-0.321244
-0.321291
-0.321336
-0.321379
-0.321425
-0.321471
-0.321519
-0.321566
-0.32161
-0.321657
-0.321704
-0.321749
-0.321799
-0.321849
-0.321897
-0.321944
-0.321992
-0.322037
-0.322084
-0.322132
-0.322179
-0.322226
-0.32227
-0.322317
-0.322363
-0.322409
-0.322455
-0.3225
-0.322544
-0.322586
-0.322632
-0.322675
-0.322712
-0.322754
-0.322797
-0.322837
-0.322876
-0.322914
-0.322952
-0.322988
-0.323021
-0.323055
-0.323084
-0.323116
-0.323146
-0.323176
-0.323204
-0.323233
-0.323256
-0.32328
-0.323302
-0.32332
-0.323339
-0.323356
-0.323372
-0.323385
-0.323397
-0.323407
-0.323415
-0.323421
-0.323425
-0.323429
-0.323429
-0.323426
-0.323424
-0.323419
-0.323412
-0.323397
-0.323383
-0.323366
-0.323351
-0.323329
-0.323305
-0.32328
-0.32325
-0.323219
-0.323181
-0.323143
-0.323102
-0.323057
-0.32301
-0.32296
-0.322907
-0.322851
-0.322792
-0.32273
-0.322662
-0.322593
-0.322517
-0.322443
-0.322365
-0.322284
-0.3222
-0.322113
-0.322022
-0.321929
-0.321832
-0.321733
-0.32163
-0.321524
-0.321415
-0.321298
-0.321183
-0.321068
-0.320945
-0.320821
-0.320694
-0.320565
-0.320433
-0.320299
-0.320164
-0.320024
-0.319887
-0.319742
-0.319595
-0.319446
-0.319295
-0.319147
-0.318995
-0.31884
-0.318682
-0.318525
-0.318364
-0.318201
-0.318038
-0.317871
-0.317707
-0.317544
-0.317377
-0.31721
-0.31704
-0.316875
-0.316705
-0.31654
-0.316373
-0.31621
-0.316044
-0.31588
-0.315716
-0.315554
-0.315396
-0.315234
-0.315077
-0.314919
-0.314771
-0.31462
-0.314474
-0.314331
-0.314188
-0.314048
-0.313907
-0.313776
-0.313649
-0.313523
-0.313405
-0.313289
-0.313173
-0.313063
-0.312954
-0.312848
-0.312751
-0.312661
-0.312573
-0.312495
-0.312417
-0.312344
-0.312275
-0.312212
-0.312155
-0.312102
-0.312053
-0.312012
-0.311966
-0.311937
-0.31191
-0.311886
-0.311864
-0.311848
-0.311843
-0.311832
-0.31183
-0.311832
-0.311838
-0.311848
-0.311864
-0.311881
-0.311901
-0.311924
-0.311951
-0.311979
-0.31201
-0.312043
-0.312078
-0.312115
-0.312153
-0.312192
-0.312232
-0.312272
-0.312312
-0.312353
-0.312392
-0.312432
-0.31247
-0.312509
-0.312543
-0.312576
-0.312607
-0.312632
-0.312657
-0.312679
-0.312697
-0.312711
-0.312719
-0.312724
-0.312727
-0.312723
-0.312715
-0.312699
-0.312678
-0.312647
-0.312611
-0.312572
-0.312524
-0.312466
-0.312404
-0.312333
-0.312255
-0.312167
-0.312073
-0.31197
-0.311859
-0.31174
-0.311612
-0.311475
-0.311325
-0.311172
-0.311009
-0.310834
-0.310653
-0.310463
-0.310266
-0.310058
-0.309839
-0.309614
-0.30938
-0.309138
-0.308887
-0.308629
-0.308362
-0.308088
-0.307806
-0.307515
-0.307219
-0.306919
-0.306613
-0.3063
-0.305977
-0.305652
-0.305326
-0.304991
-0.304649
-0.304307
-0.303961
-0.303612
-0.303259
-0.302907
-0.302553
-0.302199
-0.301843
-0.301489
-0.301134
-0.300783
-0.300437
-0.300091
-0.29975
-0.299412
-0.299078
-0.298752
-0.298429
-0.298113
-0.297804
-0.297503
-0.29721
-0.296921
-0.296646
-0.296382
-0.296129
-0.295884
-0.295659
-0.295441
-0.295236
-0.295048
-0.294871
-0.294713
-0.294565
-0.294433
-0.294317
-0.294215
-0.294132
-0.294066
-0.294017
-0.293987
-0.293974
-0.293982
-0.294004
-0.294047
-0.294109
-0.29419
-0.294292
-0.294412
-0.294551
-0.294709
-0.294887
-0.295084
-0.2953
-0.295536
-0.295791
-0.296065
-0.296358
-0.296669
-0.297002
-0.29735
-0.297716
-0.298099
-0.2985
-0.298918
-0.299354
-0.299805
-0.300271
-0.30075
-0.301247
-0.301758
-0.302282
-0.302821
-0.303372
-0.303935
-0.304511
-0.3051
-0.305695
-0.306302
-0.30692
-0.307543
-0.308178
-0.308821
-0.30947
-0.310127
-0.31079
-0.311455
-0.312128
-0.312808
-0.313489
-0.314173
-0.31486
-0.315544
-0.316235
-0.316926
-0.31762
-0.318309
-0.319
-0.31969
-0.320376
-0.321062
-0.321748
-0.322429
-0.323106
-0.323779
-0.324447
-0.325111
-0.32577
-0.326424
-0.327071
-0.327715
-0.32835
-0.328981
-0.329604
-0.330218
-0.330821
-0.331422
-0.332012
-0.332593
-0.333166
-0.33373
-0.334288
-0.334834
-0.335371
-0.335898
-0.336414
-0.336922
-0.337418
-0.337907
-0.338386
-0.338857
-0.33932
-0.339767
-0.340205
-0.340633
-0.341052
-0.341459
-0.341855
-0.342245
-0.34262
-0.342987
-0.343346
-0.343695
-0.344032
-0.344359
-0.344675
-0.344982
-0.345281
-0.345568
-0.345841
-0.346106
-0.346368
-0.346617
-0.346858
-0.347087
-0.347312
-0.347523
-0.347725
-0.347917
-0.348101
-0.348278
-0.348446
-0.348606
-0.348754
-0.348894
-0.349026
-0.349149
-0.349264
-0.349371
-0.349469
-0.34956
-0.349642
-0.34972
-0.349787
-0.349846
-0.349898
-0.349942
-0.349979
-0.350008
-0.350028
-0.350043
-0.350051
-0.350052
-0.350045
-0.350032
-0.350017
-0.349988
-0.349954
-0.349916
-0.349867
-0.349811
-0.349751
-0.349684
-0.349613
-0.349534
-0.349456
-0.349364
-0.349265
-0.349161
-0.34905
-0.348934
-0.348813
-0.348684
-0.348549
-0.348408
-0.348261
-0.348106
-0.347945
-0.347782
-0.347614
-0.347438
-0.347255
-0.34707
-0.346876
-0.346676
-0.346471
-0.346262
-0.346045
-0.345824
-0.345596
-0.345362
-0.34512
-0.344877
-0.344625
-0.344364
-0.344102
-0.343831
-0.343558
-0.343279
-0.342994
-0.342704
-0.342408
-0.342107
-0.341798
-0.341485
-0.341165
-0.340842
-0.340512
-0.340178
-0.339841
-0.339497
-0.339142
-0.338785
-0.338425
-0.33806
-0.33769
-0.337315
-0.336937
-0.336552
-0.33616
-0.335765
-0.335365
-0.334961
-0.334555
-0.33414
-0.333722
-0.3333
-0.332874
-0.332444
-0.332007
-0.331567
-0.331127
-0.330684
-0.330235
-0.329785
-0.329329
-0.32887
-0.328408
-0.327945
-0.327475
-0.327004
-0.326532
-0.326057
-0.325579
-0.3251
-0.324617
-0.324128
-0.323644
-0.323159
-0.322673
-0.322184
-0.321695
-0.321209
-0.320722
-0.320236
-0.319744
-0.319257
-0.318771
-0.318285
-0.317801
-0.317318
-0.316836
-0.316359
-0.315882
-0.315407
-0.314934
-0.314466
-0.313999
-0.313535
-0.313074
-0.312617
-0.312166
-0.311717
-0.311272
-0.310832
-0.310396
-0.309969
-0.309541
-0.30912
-0.308702
-0.308291
-0.307889
-0.307491
-0.307098
-0.306714
-0.306336
-0.305962
-0.305595
-0.305234
-0.304882
-0.304534
-0.304193
-0.303857
-0.303529
-0.303207
-0.302891
-0.302584
-0.302287
-0.301997
-0.301711
-0.301432
-0.30116
-0.300892
-0.300633
-0.300381
-0.300135
-0.299895
-0.299657
-0.29943
-0.299211
-0.298995
-0.298786
-0.298581
-0.29838
-0.298182
-0.297993
-0.297805
-0.297623
-0.297449
-0.297279
-0.29711
-0.296951
-0.29679
-0.296636
-0.296483
-0.296333
-0.296189
-0.29605
-0.295917
-0.295782
-0.295653
-0.295522
-0.295396
-0.295272
-0.295152
-0.295032
-0.29492
-0.294814
-0.294706
-0.294601
-0.2945
-0.294405
-0.294313
-0.294224
-0.29414
-0.29406
-0.293985
-0.293917
-0.293856
-0.2938
-0.293754
-0.293712
-0.293679
-0.293657
-0.293641
-0.293638
-0.293644
-0.293658
-0.293686
-0.293727
-0.293781
-0.293846
-0.293929
-0.294027
-0.294143
-0.294271
-0.294419
-0.294582
-0.294763
-0.294966
-0.295191
-0.295433
-0.295694
-0.295978
-0.296282
-0.296607
-0.296955
-0.297325
-0.297715
-0.29813
-0.298567
-0.299025
-0.299506
-0.300009
-0.300533
-0.301077
-0.301643
-0.30223
-0.302837
-0.303458
-0.304095
-0.304758
-0.305438
-0.306137
-0.306849
-0.307576
-0.308317
-0.309072
-0.30984
-0.310616
-0.311402
-0.312197
-0.313
-0.313809
-0.314623
-0.315442
-0.316265
-0.317089
-0.317912
-0.318743
-0.319568
-0.320393
-0.32121
-0.322026
-0.322837
-0.32364
-0.324438
-0.325229
-0.326011
-0.326784
-0.327545
-0.328297
-0.329038
-0.329769
-0.330486
-0.331186
-0.331876
-0.332551
-0.333212
-0.33386
-0.334488
-0.335102
-0.335701
-0.336283
-0.336848
-0.337397
-0.337932
-0.338447
-0.338943
-0.339426
-0.339887
-0.340334
-0.340761
-0.34117
-0.341568
-0.341946
-0.342307
-0.342651
-0.342978
-0.343289
-0.343584
-0.34386
-0.344122
-0.344368
-0.3446
-0.34482
-0.345021
-0.345204
-0.345378
-0.345535
-0.345676
-0.345805
-0.345921
-0.346024
-0.346114
-0.34619
-0.346255
-0.346312
-0.346354
-0.346385
-0.346406
-0.346416
-0.346416
-0.346401
-0.346385
-0.346359
-0.346322
-0.346279
-0.346225
-0.346164
-0.346096
-0.346025
-0.345943
-0.345855
-0.345761
-0.345661
-0.345556
-0.345444
-0.34533
-0.345214
-0.345091
-0.344965
-0.344836
-0.344704
-0.34457
-0.34443
-0.344292
-0.344151
-0.34401
-0.343867
-0.343726
-0.343583
-0.343439
-0.343293
-0.343147
-0.343005
-0.342863
-0.342722
-0.342581
-0.342444
-0.342306
-0.342172
-0.342041
-0.341915
-0.341789
-0.341666
-0.341546
-0.341429
-0.341316
-0.341206
-0.341102
-0.340999
-0.3409
-0.340805
-0.340712
-0.340625
-0.340542
-0.340463
-0.340389
-0.340319
-0.340256
-0.340196
-0.340139
-0.340086
-0.340035
-0.339991
-0.33995
-0.339914
-0.339882
-0.339856
-0.339832
-0.339814
-0.339798
-0.339783
-0.339771
-0.33976
-0.339755
-0.339758
-0.339762
-0.339771
-0.339778
-0.33979
-0.339802
-0.339819
-0.339841
-0.339862
-0.339885
-0.339912
-0.339939
-0.339966
-0.339998
-0.340023
-0.340057
-0.340089
-0.340121
-0.340154
-0.340188
-0.340221
-0.340252
-0.340286
-0.340319
-0.340352
-0.340385
-0.340419
-0.340448
-0.340479
-0.340506
-0.340535
-0.340562
-0.340589
-0.340614
-0.340637
-0.34066
-0.340681
-0.340701
-0.340719
-0.340733
-0.340748
-0.340761
-0.340775
-0.340786
-0.340792
-0.340799
-0.340807
-0.340814
-0.340819
-0.340818
-0.340818
-0.340817
-0.340814
-0.340811
-0.340806
-0.3408
-0.340796
-0.340789
-0.340781
-0.34077
-0.340761
-0.340754
-0.340739
-0.34073
-0.34072
-0.340711
-0.340702
-0.340694
-0.340686
-0.340679
-0.340671
-0.340666
-0.340662
-0.34066
-0.340659
-0.34066
-0.340663
-0.340668
-0.340673
-0.340683
-0.340694
-0.340709
-0.340726
-0.340747
-0.34077
-0.340799
-0.340828
-0.340861
-0.340898
-0.340936
-0.340977
-0.341029
-0.341083
-0.341143
-0.341203
-0.341266
-0.341331
-0.341403
-0.341482
-0.341562
-0.341646
-0.341735
-0.341828
-0.341928
-0.342029
-0.342132
-0.342242
-0.342361
-0.342479
-0.342601
-0.342727
-0.342857
-0.342993
-0.34313
-0.343273
-0.343417
-0.343562
-0.343713
-0.343869
-0.344026
-0.344186
-0.34435
-0.344515
-0.344677
-0.344846
-0.345017
-0.34519
-0.345365
-0.345538
-0.345715
-0.345893
-0.346072
-0.346252
-0.346432
-0.346612
-0.346792
-0.346972
-0.347147
-0.347329
-0.347507
-0.347685
-0.347861
-0.348034
-0.348204
-0.348376
-0.348548
-0.348715
-0.34888
-0.349041
-0.3492
-0.349357
-0.349513
-0.349664
-0.349811
-0.349957
-0.350099
-0.350235
-0.350367
-0.350495
-0.350618
-0.350734
-0.35085
-0.35096
-0.351064
-0.351166
-0.35126
-0.351348
-0.351429
-0.351507
-0.35158
-0.351646
-0.351707
-0.351762
-0.35181
-0.351853
-0.35189
-0.35192
-0.351942
-0.351959
-0.35197
-0.351975
-0.351975
-0.351964
-0.351949
-0.351927
-0.351898
-0.35186
-0.351817
-0.351769
-0.351713
-0.351651
-0.351583
-0.351505
-0.351419
-0.351327
-0.351227
-0.35112
-0.351005
-0.350883
-0.350756
-0.350619
-0.350475
-0.350322
-0.350163
-0.349995
-0.34982
-0.349635
-0.349444
-0.34925
-0.349043
-0.348831
-0.348608
-0.348377
-0.348138
-0.347891
-0.347635
-0.347371
-0.347101
-0.34682
-0.34653
-0.346234
-0.345927
-0.345611
-0.345289
-0.344955
-0.34461
-0.34426
-0.343899
-0.343529
-0.343149
-0.342763
-0.342364
-0.341954
-0.341534
-0.341107
-0.340671
-0.340224
-0.339768
-0.3393
-0.338824
-0.338339
-0.337844
-0.337337
-0.336825
-0.336298
-0.335765
-0.335219
-0.334664
-0.334101
-0.33353
-0.332949
-0.332359
-0.331761
-0.331154
-0.33054
-0.329916
-0.329282
-0.328642
-0.327995
-0.327341
-0.326679
-0.326012
-0.32534
-0.32466
-0.323973
-0.323283
-0.322589
-0.321889
-0.321187
-0.320483
-0.319777
-0.319071
-0.318359
-0.317649
-0.316937
-0.316229
-0.315521
-0.314816
-0.314114
-0.313416
-0.312722
-0.312032
-0.311349
-0.310673
-0.310006
-0.309344
-0.308692
-0.308052
-0.307417
-0.306796
-0.306189
-0.305595
-0.305009
-0.304442
-0.303882
-0.303343
-0.30282
-0.302315
-0.301825
-0.301353
-0.3009
-0.300465
-0.300051
-0.299658
-0.299279
-0.298923
-0.298584
-0.298267
-0.297979
-0.297708
-0.297458
-0.297227
-0.29702
-0.296835
-0.296672
-0.296533
-0.296416
-0.296322
-0.296247
-0.296191
-0.296154
-0.296137
-0.29614
-0.296165
-0.29621
-0.296276
-0.296359
-0.296457
-0.296575
-0.296711
-0.296864
-0.29703
-0.297214
-0.297413
-0.297629
-0.297859
-0.2981
-0.298356
-0.298619
-0.298894
-0.299185
-0.299483
-0.299787
-0.300107
-0.300436
-0.30077
-0.301112
-0.301463
-0.301821
-0.302183
-0.30255
-0.30292
-0.303297
-0.303679
-0.304064
-0.304452
-0.304844
-0.305238
-0.305637
-0.306039
-0.306439
-0.306842
-0.307245
-0.30765
-0.308058
-0.308464
-0.308873
-0.309283
-0.30969
-0.310095
-0.310503
-0.310908
-0.311313
-0.311722
-0.312132
-0.31254
-0.312949
-0.313357
-0.313758
-0.314164
-0.314571
-0.314978
-0.315383
-0.315787
-0.316191
-0.316593
-0.316997
-0.317405
-0.317812
-0.318216
-0.318622
-0.319027
-0.319427
-0.31983
-0.320235
-0.320643
-0.321047
-0.321454
-0.321864
-0.322272
-0.322681
-0.32309
-0.323498
-0.323909
-0.324321
-0.324732
-0.325143
-0.325557
-0.325973
-0.326387
-0.326804
-0.327224
-0.327643
-0.328063
-0.328484
-0.328908
-0.329333
-0.329756
-0.33018
-0.330607
-0.331032
-0.331459
-0.33189
-0.332317
-0.332745
-0.333173
-0.333602
-0.334031
-0.33446
-0.334889
-0.335321
-0.335751
-0.336181
-0.336613
-0.337042
-0.337474
-0.3379
-0.338329
-0.338757
-0.339184
-0.339609
-0.340035
-0.340461
-0.340885
-0.341309
-0.341732
-0.342154
-0.342574
-0.342996
-0.343414
-0.34383
-0.344248
-0.344659
-0.345071
-0.345486
-0.345895
-0.346301
-0.346706
-0.347109
-0.34751
-0.347909
-0.348305
-0.3487
-0.349092
-0.349479
-0.349867
-0.350254
-0.350636
-0.351014
-0.351391
-0.351771
-0.352145
-0.352514
-0.35288
-0.353242
-0.353605
-0.353962
-0.35432
-0.354671
-0.355018
-0.355363
-0.355706
-0.356046
-0.356382
-0.356717
-0.357047
-0.357374
-0.357697
-0.358015
-0.358332
-0.358645
-0.358955
-0.359262
-0.359565
-0.359865
-0.360164
-0.360457
-0.360746
-0.361032
-0.361312
-0.361591
-0.361869
-0.362139
-0.362407
-0.362672
-0.362933
-0.363191
-0.363445
-0.363696
-0.363943
-0.364186
-0.364426
-0.364662
-0.364894
-0.365121
-0.365346
-0.365567
-0.365785
-0.365999
-0.366207
-0.366414
-0.366615
-0.366814
-0.367007
-0.367199
-0.367388
-0.367572
-0.367753
-0.367939
-0.368113
-0.368278
-0.368443
-0.368605
-0.368764
-0.368918
-0.369069
-0.369215
-0.369356
-0.369495
-0.369633
-0.369765
-0.369895
-0.370018
-0.370138
-0.370254
-0.370367
-0.370475
-0.370581
-0.370679
-0.370773
-0.370866
-0.370952
-0.371034
-0.371115
-0.371191
-0.371264
-0.37133
-0.371392
-0.371452
-0.371509
-0.371558
-0.371604
-0.371648
-0.371688
-0.371726
-0.37176
-0.371788
-0.371811
-0.371833
-0.371848
-0.371858
-0.371865
-0.371867
-0.371866
-0.371859
-0.371849
-0.371837
-0.371818
-0.371795
-0.371768
-0.371736
-0.371701
-0.371661
-0.371614
-0.371568
-0.371517
-0.37146
-0.371402
-0.371336
-0.371266
-0.37119
-0.371114
-0.371032
-0.370943
-0.370853
-0.370758
-0.370659
-0.370556
-0.370448
-0.37034
-0.370219
-0.3701
-0.369984
-0.369859
-0.36973
-0.369594
-0.369457
-0.369314
-0.369167
-0.369016
-0.368862
-0.368698
-0.368534
-0.368368
-0.368198
-0.368025
-0.367851
-0.367672
-0.367491
-0.367303
-0.367112
-0.366918
-0.366717
-0.366516
-0.366311
-0.366103
-0.365893
-0.365676
-0.365458
-0.365236
-0.365014
-0.364783
-0.364554
-0.364319
-0.364079
-0.363838
-0.363593
-0.363345
-0.363094
-0.36284
-0.362584
-0.362321
-0.362058
-0.36179
-0.361519
-0.361244
-0.360965
-0.360685
-0.360399
-0.36011
-0.359816
-0.359516
-0.359215
-0.35891
-0.358598
-0.358285
-0.357962
-0.35764
-0.357311
-0.356978
-0.356643
-0.3563
-0.355956
-0.355609
-0.355257
-0.3549
-0.354533
-0.354159
-0.353788
-0.353408
-0.353024
-0.352635
-0.352238
-0.351836
-0.351429
-0.351021
-0.350604
-0.350185
-0.349761
-0.349333
-0.348902
-0.34846
-0.348019
-0.347572
-0.347119
-0.346668
-0.346216
-0.345762
-0.345304
-0.344844
-0.344384
-0.343923
-0.343464
-0.343006
-0.342545
-0.342089
-0.341635
-0.341185
-0.340739
-0.340299
-0.339863
-0.339436
-0.339017
-0.338607
-0.338209
-0.337825
-0.33745
-0.337084
-0.336734
-0.336399
-0.336081
-0.335775
-0.335492
-0.335229
-0.334986
-0.33476
-0.334561
-0.334385
-0.334236
-0.33411
-0.334007
-0.333933
-0.333889
-0.33387
-0.333879
-0.33392
-0.333986
-0.334083
-0.334211
-0.33437
-0.334558
-0.334775
-0.335023
-0.3353
-0.335607
-0.335943
-0.336307
-0.336705
-0.337125
-0.337567
-0.33804
-0.338539
-0.339059
-0.339605
-0.340173
-0.340764
-0.341374
-0.342005
-0.342651
-0.343314
-0.343992
-0.344683
-0.345388
-0.346099
-0.346825
-0.34756
-0.3483
-0.349049
-0.3498
-0.350555
-0.351315
-0.352078
-0.352839
-0.3536
-0.354358
-0.355113
-0.355866
-0.356612
-0.357356
-0.358087
-0.358809
-0.359528
-0.360238
-0.360936
-0.361622
-0.362298
-0.362962
-0.363616
-0.364258
-0.364881
-0.365494
-0.366092
-0.366675
-0.367245
-0.367801
-0.368342
-0.368868
-0.369379
-0.369876
-0.37036
-0.370824
-0.371275
-0.371711
-0.372133
-0.37254
-0.372932
-0.373309
-0.373673
-0.374019
-0.374357
-0.374675
-0.374983
-0.375278
-0.375561
-0.375827
-0.376081
-0.376324
-0.376556
-0.376776
-0.376982
-0.377177
-0.377363
-0.377539
-0.377705
-0.377861
-0.378007
-0.378144
-0.378273
-0.378392
-0.378503
-0.378606
-0.378699
-0.378787
-0.378873
-0.378945
-0.379015
-0.379076
-0.379131
-0.379181
-0.379228
-0.379267
-0.379304
-0.379332
-0.379358
-0.379379
-0.379397
-0.379409
-0.37942
-0.379428
-0.379433
-0.379435
-0.379435
-0.379438
-0.379433
-0.379429
-0.379421
-0.379412
-0.379401
-0.379387
-0.379374
-0.37936
-0.379345
-0.379329
-0.379313
-0.379297
-0.37928
-0.379263
-0.379246
-0.379229
-0.379214
-0.379197
-0.379182
-0.379165
-0.379146
-0.379134
-0.379118
-0.379102
-0.379088
-0.379072
-0.379057
-0.379039
-0.379024
-0.379007
-0.378995
-0.378982
-0.378967
-0.37895
-0.378938
-0.378922
-0.378907
-0.378893
-0.378877
-0.37886
-0.378844
-0.378826
-0.378806
-0.378783
-0.378761
-0.378738
-0.378713
-0.378689
-0.378661
-0.378633
-0.378598
-0.378564
-0.378527
-0.378487
-0.378443
-0.378398
-0.378352
-0.378303
-0.378248
-0.378192
-0.37813
-0.378065
-0.377997
-0.377923
-0.377845
-0.377764
-0.377677
-0.377584
-0.377482
-0.377378
-0.377268
-0.377153
-0.377036
-0.376915
-0.376786
-0.376651
-0.376514
-0.376368
-0.376216
-0.376059
-0.375898
-0.375728
-0.375553
-0.375372
-0.375183
-0.374991
-0.374795
-0.374591
-0.374379
-0.374164
-0.373943
-0.373715
-0.373487
-0.373251
-0.37301
-0.372765
-0.372516
-0.372262
-0.372004
-0.371744
-0.371479
-0.371209
-0.370937
-0.370663
-0.370387
-0.370106
-0.369826
-0.369547
-0.369262
-0.368976
-0.36869
-0.368406
-0.368123
-0.36784
-0.367559
-0.367274
-0.366996
-0.36672
-0.366447
-0.366177
-0.365911
-0.365645
-0.365386
-0.365132
-0.364883
-0.364639
-0.364398
-0.364165
-0.363941
-0.363721
-0.363506
-0.363302
-0.363103
-0.362913
-0.36273
-0.362557
-0.362391
-0.362233
-0.362083
-0.361943
-0.361812
-0.361692
-0.361584
-0.36148
-0.361384
-0.361297
-0.361227
-0.361162
-0.361106
-0.36106
-0.361026
-0.360997
-0.360977
-0.360966
-0.360968
-0.360978
-0.360998
-0.361026
-0.361064
-0.36111
-0.361164
-0.361227
-0.361298
-0.361374
-0.361458
-0.361552
-0.361653
-0.361762
-0.361876
-0.361998
-0.362128
-0.362261
-0.362398
-0.362543
-0.362692
-0.362847
-0.363006
-0.363169
-0.363334
-0.363505
-0.363679
-0.363857
-0.364037
-0.364223
-0.364406
-0.364593
-0.364787
-0.36498
-0.365172
-0.365372
-0.365563
-0.365758
-0.365953
-0.366148
-0.366343
-0.366538
-0.366732
-0.366927
-0.367123
-0.367316
-0.367508
-0.367701
-0.367889
-0.368078
-0.368266
-0.368452
-0.36864
-0.368824
-0.36901
-0.369191
-0.369372
-0.369554
-0.369732
-0.369909
-0.370085
-0.37026
-0.370439
-0.370613
-0.370785
-0.370958
-0.371132
-0.371303
-0.371474
-0.371646
-0.371819
-0.37199
-0.372162
-0.372336
-0.372506
-0.372677
-0.372851
-0.373026
-0.373202
-0.373379
-0.373557
-0.373737
-0.373918
-0.374103
-0.374289
-0.374475
-0.374662
-0.374851
-0.375042
-0.37523
-0.375425
-0.375621
-0.375817
-0.376016
-0.376216
-0.376419
-0.376624
-0.376828
-0.377034
-0.377245
-0.377456
-0.377668
-0.377881
-0.378093
-0.378305
-0.378523
-0.378739
-0.378951
-0.379168
-0.379387
-0.379603
-0.379822
-0.38004
-0.380255
-0.38047
-0.380683
-0.380895
-0.381106
-0.38131
-0.381515
-0.38172
-0.381925
-0.382123
-0.382319
-0.382514
-0.382708
-0.382897
-0.383082
-0.383266
-0.383444
-0.383618
-0.383789
-0.383954
-0.384116
-0.384273
-0.384427
-0.384574
-0.384716
-0.384854
-0.384988
-0.385114
-0.385235
-0.385348
-0.385457
-0.385561
-0.385659
-0.385753
-0.385838
-0.385916
-0.385989
-0.386056
-0.386116
-0.38617
-0.386218
-0.386259
-0.386296
-0.386323
-0.386345
-0.386359
-0.386367
-0.386369
-0.386363
-0.386351
-0.386332
-0.386302
-0.38627
-0.386229
-0.386181
-0.386132
-0.386073
-0.386008
-0.385939
-0.385862
-0.385782
-0.385692
-0.385595
-0.385492
-0.385383
-0.385265
-0.385144
-0.385017
-0.384884
-0.384746
-0.384601
-0.384452
-0.384296
-0.384134
-0.383968
-0.383797
-0.383623
-0.383443
-0.383257
-0.383067
-0.38287
-0.38267
-0.382467
-0.382259
-0.382047
-0.381831
-0.381612
-0.381386
-0.381159
-0.380929
-0.380695
-0.380458
-0.380216
-0.379973
-0.379728
-0.379482
-0.379231
-0.378978
-0.378722
-0.378464
-0.378204
-0.377939
-0.377675
-0.377409
-0.377142
-0.376872
-0.376601
-0.376329
-0.376057
-0.375782
-0.375505
-0.375225
-0.374945
-0.374667
-0.374385
-0.374102
-0.373818
-0.373532
-0.373243
-0.372955
-0.372666
-0.372378
-0.372086
-0.37179
-0.371493
-0.371197
-0.370899
-0.370599
-0.370295
-0.369994
-0.369689
-0.369381
-0.369069
-0.368757
-0.36844
-0.368124
-0.367809
-0.367485
-0.367158
-0.366828
-0.366492
-0.366154
-0.365812
-0.365466
-0.365116
-0.364761
-0.364401
-0.364036
-0.363666
-0.363291
-0.362912
-0.362523
-0.36213
-0.36173
-0.36132
-0.360907
-0.360488
-0.360061
-0.359628
-0.359189
-0.35874
-0.358284
-0.35782
-0.357348
-0.356865
-0.356377
-0.355883
-0.355378
-0.354865
-0.354343
-0.353813
-0.353277
-0.352731
-0.352176
-0.351611
-0.351041
-0.350462
-0.349874
-0.349283
-0.348684
-0.348077
-0.347462
-0.346842
-0.346216
-0.345587
-0.344948
-0.344307
-0.343659
-0.343013
-0.342362
-0.341707
-0.341052
-0.340397
-0.339742
-0.339087
-0.338435
-0.337785
-0.337139
-0.336497
-0.33586
-0.33523
-0.334607
-0.333993
-0.333389
-0.332795
-0.332212
-0.331643
-0.331088
-0.330552
-0.330028
-0.329521
-0.329033
-0.328562
-0.328113
-0.327686
-0.32728
-0.326899
-0.326543
-0.326212
-0.325907
-0.325629
-0.325379
-0.325157
-0.324964
-0.324797
-0.324663
-0.32456
-0.324486
-0.324441
-0.324431
-0.32445
-0.324504
-0.324586
-0.324698
-0.324838
-0.325008
-0.325207
-0.325431
-0.325686
-0.325971
-0.326279
-0.326613
-0.326969
-0.327348
-0.327755
-0.328183
-0.32863
-0.329095
-0.329578
-0.330079
-0.330594
-0.331124
-0.331667
-0.332222
-0.332782
-0.333356
-0.333938
-0.334527
-0.335122
-0.335721
-0.336325
-0.336929
-0.337533
-0.338138
-0.338744
-0.339345
-0.339946
-0.340542
-0.341134
-0.341721
-0.3423
-0.342871
-0.343436
-0.343991
-0.344534
-0.345071
-0.345596
-0.346113
-0.346619
-0.347118
-0.347605
-0.348081
-0.348544
-0.348996
-0.349431
-0.34986
-0.350274
-0.35068
-0.351075
-0.351458
-0.351831
-0.352193
-0.352544
-0.352884
-0.353215
-0.353536
-0.353847
-0.354148
-0.354436
-0.35472
-0.354999
-0.355269
-0.355529
-0.355787
-0.356033
-0.356272
-0.356503
-0.356731
-0.356953
-0.35717
-0.357383
-0.357591
-0.357795
-0.357993
-0.35819
-0.358385
-0.358579
-0.358768
-0.358956
-0.359144
-0.35933
-0.359514
-0.359698
-0.35988
-0.360061
-0.360242
-0.360422
-0.360603
-0.360782
-0.360964
-0.361146
-0.361332
-0.361514
-0.361699
-0.361883
-0.362065
-0.362254
-0.362444
-0.362635
-0.362828
-0.363022
-0.363217
-0.363414
-0.363612
-0.363811
-0.364014
-0.364216
-0.364419
-0.364623
-0.364825
-0.365034
-0.365241
-0.365448
-0.365659
-0.365868
-0.366075
-0.366287
-0.366497
-0.366707
-0.366916
-0.367126
-0.367335
-0.367544
-0.367752
-0.36796
-0.368167
-0.368375
-0.368579
-0.368782
-0.368984
-0.369184
-0.369382
-0.369579
-0.369774
-0.369974
-0.370164
-0.370352
-0.37054
-0.370721
-0.370902
-0.37108
-0.371255
-0.371427
-0.371596
-0.371763
-0.371926
-0.372086
-0.372243
-0.372396
-0.372546
-0.372696
-0.372837
-0.372977
-0.373113
-0.373247
-0.373377
-0.373503
-0.373626
-0.373746
-0.373864
-0.37398
-0.374089
-0.374195
-0.374299
-0.374396
-0.374498
-0.374594
-0.374685
-0.374773
-0.374858
-0.374938
-0.375015
-0.375092
-0.375164
-0.375237
-0.375307
-0.375374
-0.375438
-0.375504
-0.375568
-0.375628
-0.375689
-0.375743
-0.375799
-0.37585
-0.375903
-0.375955
-0.376001
-0.376051
-0.376102
-0.376153
-0.376201
-0.376249
-0.376294
-0.376338
