1.20014
1.20023
1.20033
1.20044
1.20055
1.20066
1.20078
1.2009
1.20103
1.20115
1.20129
1.20143
1.20157
1.20171
1.20186
1.20202
1.20217
1.20234
1.2025
1.20267
1.20284
1.20301
1.20319
1.20337
1.20356
1.20375
1.20394
1.20413
1.20433
1.20453
1.20473
1.20493
1.20514
1.20535
1.20556
1.20577
1.20599
1.2062
1.20642
1.20664
1.20686
1.20708
1.2073
1.20752
1.20775
1.20797
1.20819
1.20842
1.20864
1.20887
1.20909
1.20932
1.20954
1.20977
1.20999
1.21021
1.21043
1.21065
1.21087
1.21109
1.2113
1.21152
1.21173
1.21194
1.21215
1.21236
1.21257
1.21277
1.21297
1.21317
1.21337
1.21356
1.21375
1.21394
1.21413
1.21431
1.21449
1.21467
1.21484
1.21501
1.21518
1.21534
1.2155
1.21566
1.21582
1.21597
1.21612
1.21626
1.2164
1.21654
1.21667
1.2168
1.21693
1.21706
1.21717
1.21729
1.2174
1.21751
1.21762
1.21772
1.21782
1.21791
1.218
1.21809
1.21817
1.21825
1.21833
1.2184
1.21847
1.21854
1.2186
1.21866
1.21871
1.21876
1.21881
1.21886
1.2189
1.21894
1.21897
1.219
1.21903
1.21906
1.21908
1.2191
1.21912
1.21913
1.21914
1.21915
1.21915
1.21915
1.21915
1.21915
1.21914
1.21913
1.21912
1.2191
1.21909
1.21907
1.21904
1.21902
1.21899
1.21896
1.21893
1.2189
1.21886
1.21883
1.21879
1.21875
1.2187
1.21866
1.21861
1.21856
1.21851
1.21846
1.2184
1.21835
1.21829
1.21823
1.21817
1.21811
1.21804
1.21798
1.21792
1.21785
1.21778
1.21771
1.21764
1.21757
1.2175
1.21743
1.21735
1.21728
1.2172
1.21713
1.21705
1.21698
1.2169
1.21682
1.21674
1.21666
1.21659
1.21651
1.21643
1.21635
1.21627
1.21619
1.21611
1.21603
1.21595
1.21588
1.2158
1.21572
1.21564
1.21556
1.21549
1.21541
1.21534
1.21526
1.21519
1.21511
1.21504
1.21497
1.2149
1.21483
1.21476
1.21469
1.21463
1.21456
1.2145
1.21444
1.21438
1.21432
1.21426
1.2142
1.21415
1.21409
1.21404
1.21399
1.21394
1.21389
1.21385
1.2138
1.21376
1.21372
1.21368
1.21364
1.21361
1.21357
1.21354
1.21351
1.21349
1.21346
1.21344
1.21341
1.21339
1.21338
1.21336
1.21335
1.21333
1.21332
1.21331
1.21331
1.2133
1.2133
1.2133
1.2133
1.2133
1.2133
1.21331
1.21331
1.21332
1.21333
1.21334
1.21335
1.21337
1.21338
1.2134
1.21342
1.21344
1.21346
1.21348
1.2135
1.21352
1.21355
1.21358
1.2136
1.21363
1.21366
1.21369
1.21372
1.21375
1.21378
1.21381
1.21384
1.21387
1.21391
1.21394
1.21397
1.21401
1.21404
1.21407
1.21411
1.21414
1.21418
1.21421
1.21425
1.21428
1.21431
1.21435
1.21438
1.21442
1.21445
1.21448
1.21452
1.21455
1.21458
1.21461
1.21464
1.21468
1.21471
1.21474
1.21477
1.2148
1.21482
1.21485
1.21488
1.21491
1.21494
1.21496
1.21499
1.21501
1.21504
1.21506
1.21509
1.21511
1.21513
1.21515
1.21518
1.2152
1.21522
1.21524
1.21526
1.21528
1.2153
1.21532
1.21534
1.21536
1.21537
1.21539
1.21541
1.21543
1.21544
1.21546
1.21548
1.2155
1.21551
1.21553
1.21555
1.21556
1.21558
1.2156
1.21562
1.21563
1.21565
1.21567
1.21569
1.2157
1.21572
1.21574
1.21576
1.21578
1.2158
1.21582
1.21584
1.21586
1.21589
1.21591
1.21593
1.21596
1.21598
1.21601
1.21603
1.21606
1.21609
1.21612
1.21614
1.21617
1.21621
1.21624
1.21627
1.2163
1.21634
1.21637
1.21641
1.21645
1.21648
1.21652
1.21656
1.2166
1.21664
1.21669
1.21673
1.21678
1.21682
1.21687
1.21691
1.21696
1.21701
1.21706
1.21711
1.21716
1.21722
1.21727
1.21732
1.21738
1.21743
1.21749
1.21755
1.2176
1.21766
1.21772
1.21778
1.21784
1.2179
1.21796
1.21802
1.21808
1.21815
1.21821
1.21827
1.21833
1.21839
1.21846
1.21852
1.21858
1.21864
1.21871
1.21877
1.21883
1.21889
1.21895
1.21901
1.21907
1.21913
1.21919
1.21925
1.21931
1.21936
1.21942
1.21947
1.21953
1.21958
1.21963
1.21968
1.21973
1.21978
1.21982
1.21987
1.21991
1.21995
1.21999
1.22003
1.22006
1.2201
1.22013
1.22016
1.22019
1.22021
1.22024
1.22026
1.22027
1.22029
1.2203
1.22031
1.22032
1.22033
1.22033
1.22033
1.22032
1.22032
1.22031
1.22029
1.22028
1.22026
1.22024
1.22021
1.22018
1.22014
1.22011
1.22006
1.22002
1.21997
1.21992
1.21986
1.2198
1.21973
1.21966
1.21959
1.21951
1.21943
1.21934
1.21925
1.21916
1.21906
1.21895
1.21884
1.21873
1.21861
1.21848
1.21836
1.21822
1.21808
1.21794
1.21779
1.21764
1.21748
1.21732
1.21715
1.21698
1.2168
1.21662
1.21643
1.21624
1.21604
1.21583
1.21563
1.21541
1.21519
1.21497
1.21474
1.21451
1.21427
1.21403
1.21378
1.21353
1.21327
1.21301
1.21274
1.21247
1.2122
1.21191
1.21163
1.21134
1.21105
1.21075
1.21045
1.21015
1.20984
1.20952
1.20921
1.20889
1.20856
1.20824
1.20791
1.20758
1.20724
1.2069
1.20656
1.20622
1.20587
1.20552
1.20517
1.20482
1.20447
1.20411
1.20375
1.20339
1.20303
1.20267
1.20231
1.20195
1.20158
1.20122
1.20086
1.20049
1.20012
1.19976
1.19939
1.19903
1.19866
1.1983
1.19793
1.19757
1.19721
1.19684
1.19648
1.19612
1.19576
1.1954
1.19504
1.19468
1.19432
1.19397
1.19361
1.19326
1.1929
1.19255
1.1922
1.19185
1.19149
1.19114
1.19079
1.19045
1.1901
1.18975
1.1894
1.18905
1.1887
1.18835
1.18801
1.18766
1.18731
1.18696
1.18661
1.18625
1.1859
1.18555
1.18519
1.18484
1.18448
1.18412
1.18376
1.1834
1.18303
1.18267
1.1823
1.18193
1.18156
1.18119
1.18082
1.18045
1.18007
1.1797
1.17932
1.17894
1.17857
1.17819
1.17781
1.17744
1.17706
1.17669
1.17632
1.17595
1.17559
1.17522
1.17487
1.17452
1.17417
1.17383
1.1735
1.17317
1.17286
1.17255
1.17226
1.17197
1.1717
1.17144
1.1712
1.17097
1.17075
1.17055
1.17037
1.17021
1.17007
1.16994
1.16984
1.16975
1.16969
1.16965
1.16963
1.16964
1.16966
1.16972
1.16979
1.16989
1.17001
1.17016
1.17033
1.17052
1.17074
1.17098
1.17124
1.17152
1.17183
1.17215
1.1725
1.17286
1.17324
1.17364
1.17405
1.17449
1.17493
1.17539
1.17586
1.17634
1.17683
1.17732
1.17783
1.17834
1.17885
1.17937
1.17989
1.18042
1.18094
1.18146
1.18198
1.18249
1.183
1.18351
1.18401
1.1845
1.18499
1.18546
1.18593
1.18639
1.18683
1.18727
1.18769
1.1881
1.18849
1.18888
1.18925
1.1896
1.18994
1.19027
1.19058
1.19087
1.19115
1.19142
1.19167
1.1919
1.19212
1.19233
1.19252
1.19269
1.19285
1.193
1.19313
1.19325
1.19336
1.19345
1.19353
1.1936
1.19365
1.1937
1.19373
1.19375
1.19376
1.19376
1.19376
1.19374
1.19372
1.19368
1.19364
1.1936
1.19354
1.19348
1.19342
1.19335
1.19328
1.1932
1.19312
1.19304
1.19296
1.19287
1.19278
1.1927
1.19261
1.19253
1.19244
1.19236
1.19228
1.1922
1.19212
1.19205
1.19199
1.19192
1.19186
1.19181
1.19176
1.19172
1.19169
1.19166
1.19164
1.19162
1.19162
1.19162
1.19163
1.19165
1.19167
1.19171
1.19175
1.1918
1.19186
1.19193
1.19201
1.1921
1.1922
1.19231
1.19243
1.19255
1.19269
1.19283
1.19298
1.19315
1.19332
1.1935
1.19369
1.19388
1.19409
1.1943
1.19452
1.19475
1.19499
1.19523
1.19548
1.19573
1.19599
1.19626
1.19653
1.19681
1.19709
1.19738
1.19767
1.19796
1.19826
1.19856
1.19886
1.19917
1.19948
1.19978
1.20009
1.2004
1.20072
1.20103
1.20134
1.20165
1.20196
1.20226
1.20257
1.20287
1.20317
1.20347
1.20376
1.20406
1.20434
1.20463
1.2049
1.20518
1.20545
1.20571
1.20597
1.20622
1.20647
1.20671
1.20694
1.20716
1.20738
1.20759
1.2078
1.20799
1.20818
1.20836
1.20853
1.2087
1.20885
1.209
1.20913
1.20926
1.20938
1.20949
1.20959
1.20968
1.20976
1.20983
1.20989
1.20994
1.20999
1.21002
1.21004
1.21005
1.21006
1.21005
1.21003
1.21
1.20997
1.20992
1.20987
1.2098
1.20972
1.20964
1.20955
1.20944
1.20933
1.20921
1.20908
1.20894
1.20879
1.20864
1.20847
1.2083
1.20812
1.20793
1.20774
1.20753
1.20732
1.20711
1.20689
1.20666
1.20642
1.20618
1.20594
1.20569
1.20543
1.20518
1.20491
1.20465
1.20438
1.2041
1.20383
1.20355
1.20327
1.20299
1.20271
1.20243
1.20215
1.20186
1.20158
1.2013
1.20102
1.20074
1.20047
1.20019
1.19992
1.19965
1.19939
1.19913
1.19888
1.19862
1.19838
1.19814
1.1979
1.19767
1.19745
1.19723
1.19702
1.19682
1.19662
1.19643
1.19625
1.19608
1.19591
1.19575
1.1956
1.19546
1.19532
1.1952
1.19508
1.19497
1.19487
1.19477
1.19469
1.19461
1.19454
1.19448
1.19443
1.19438
1.19434
1.19431
1.19429
1.19427
1.19426
1.19426
1.19426
1.19427
1.19428
1.1943
1.19433
1.19436
1.19439
1.19443
1.19447
1.19452
1.19457
1.19463
1.19468
1.19474
1.19481
1.19487
1.19494
1.19501
1.19508
1.19515
1.19522
1.19529
1.19536
1.19543
1.19551
1.19558
1.19565
1.19572
1.19579
1.19585
1.19592
1.19598
1.19604
1.1961
1.19616
1.19621
1.19626
1.19631
1.19636
1.1964
1.19644
1.19647
1.1965
1.19653
1.19655
1.19657
1.19659
1.1966
1.1966
1.19661
1.1966
1.1966
1.19659
1.19657
1.19655
1.19652
1.19649
1.19646
1.19642
1.19637
1.19632
1.19627
1.19621
1.19614
1.19607
1.196
1.19591
1.19583
1.19574
1.19564
1.19554
1.19544
1.19533
1.19521
1.19509
1.19496
1.19483
1.1947
1.19456
1.19441
1.19426
1.19411
1.19395
1.19378
1.19361
1.19344
1.19326
1.19308
1.19289
1.1927
1.19251
1.19231
1.19211
1.1919
1.19169
1.19147
1.19125
1.19103
1.19081
1.19058
1.19034
1.19011
1.18987
1.18963
1.18938
1.18913
1.18888
1.18863
1.18838
1.18812
1.18786
1.1876
1.18733
1.18707
1.1868
1.18653
1.18626
1.18599
1.18572
1.18544
1.18517
1.1849
1.18462
1.18435
1.18407
1.1838
1.18352
1.18325
1.18297
1.1827
1.18243
1.18216
1.18189
1.18163
1.18136
1.1811
1.18084
1.18058
1.18033
1.18007
1.17983
1.17958
1.17934
1.1791
1.17887
1.17864
1.17841
1.17819
1.17797
1.17776
1.17756
1.17736
1.17716
1.17697
1.17679
1.17661
1.17644
1.17628
1.17612
1.17597
1.17583
1.17569
1.17556
1.17544
1.17533
1.17522
1.17512
1.17503
1.17495
1.17487
1.17481
1.17475
1.1747
1.17466
1.17462
1.1746
1.17458
1.17457
1.17457
1.17458
1.17459
1.17462
1.17465
1.17469
1.17473
1.17479
1.17485
1.17492
1.17499
1.17508
1.17517
1.17526
1.17536
1.17547
1.17559
1.17571
1.17584
1.17597
1.17611
1.17625
1.1764
1.17655
1.1767
1.17686
1.17703
1.17719
1.17736
1.17754
1.17771
1.17789
1.17807
1.17825
1.17844
1.17862
1.17881
1.17899
1.17918
1.17937
1.17956
1.17975
1.17994
1.18012
1.18031
1.1805
1.18068
1.18087
1.18105
1.18123
1.18141
1.18158
1.18176
1.18193
1.1821
1.18227
1.18244
1.1826
1.18276
1.18291
1.18307
1.18322
1.18336
1.18351
1.18365
1.18379
1.18392
1.18405
1.18418
1.1843
1.18442
1.18453
1.18465
1.18475
1.18486
1.18496
1.18506
1.18515
1.18524
1.18533
1.18541
1.18549
1.18556
1.18564
1.1857
1.18577
1.18583
1.18589
1.18595
1.186
1.18605
1.18609
1.18614
1.18618
1.18622
1.18625
1.18628
1.18631
1.18634
1.18636
1.18638
1.1864
1.18642
1.18644
1.18645
1.18646
1.18647
1.18648
1.18649
1.18649
1.18649
1.1865
1.1865
1.1865
1.18649
1.18649
1.18649
1.18648
1.18648
1.18647
1.18646
1.18646
1.18645
1.18644
1.18643
1.18642
1.18641
1.1864
1.1864
1.18639
1.18638
1.18637
1.18636
1.18636
1.18635
1.18634
1.18634
1.18633
1.18633
1.18633
1.18632
1.18632
1.18632
1.18632
1.18632
1.18633
1.18633
1.18634
1.18634
1.18635
1.18636
1.18637
1.18639
1.1864
1.18642
1.18643
1.18645
1.18647
1.1865
1.18652
1.18654
1.18657
1.1866
1.18663
1.18666
1.1867
1.18673
1.18677
1.18681
1.18685
1.1869
1.18694
1.18699
1.18704
1.18709
1.18714
1.18719
1.18725
1.1873
1.18736
1.18742
1.18749
1.18755
1.18761
1.18768
1.18775
1.18782
1.18789
1.18796
1.18804
1.18811
1.18819
1.18827
1.18835
1.18843
1.18851
1.1886
1.18868
1.18877
1.18885
1.18894
1.18903
1.18912
1.18921
1.1893
1.18939
1.18949
1.18958
1.18968
1.18977
1.18987
1.18996
1.19006
1.19016
1.19025
1.19035
1.19045
1.19055
1.19065
1.19074
1.19084
1.19094
1.19104
1.19114
1.19124
1.19134
1.19143
1.19153
1.19163
1.19173
1.19182
1.19192
1.19202
1.19211
1.19221
1.1923
1.1924
1.19249
1.19258
1.19267
1.19276
1.19285
1.19294
1.19303
1.19311
1.1932
1.19328
1.19337
1.19345
1.19353
1.19361
1.19369
1.19376
1.19384
1.19391
1.19398
1.19405
1.19412
1.19419
1.19426
1.19432
1.19438
1.19444
1.1945
1.19456
1.19461
1.19467
1.19472
1.19477
1.19481
1.19486
1.1949
1.19494
1.19498
1.19502
1.19505
1.19508
1.19511
1.19514
1.19517
1.19519
1.19521
1.19523
1.19524
1.19526
1.19527
1.19528
1.19528
1.19529
1.19529
1.19529
1.19528
1.19528
1.19527
1.19526
1.19524
1.19523
1.19521
1.19518
1.19516
1.19513
1.1951
1.19507
1.19504
1.195
1.19496
1.19492
1.19487
1.19483
1.19478
1.19472
1.19467
1.19461
1.19455
1.19449
1.19443
1.19436
1.19429
1.19422
1.19414
1.19407
1.19399
1.19391
1.19383
1.19374
1.19366
1.19357
1.19348
1.19339
1.1933
1.1932
1.19311
1.19301
1.19291
1.19281
1.19271
1.19261
1.1925
1.1924
1.19229
1.19219
1.19208
1.19198
1.19187
1.19176
1.19165
1.19155
1.19144
1.19133
1.19123
1.19112
1.19101
1.19091
1.1908
1.1907
1.1906
1.1905
1.1904
1.1903
1.19021
1.19011
1.19002
1.18993
1.18984
1.18976
1.18968
1.1896
1.18952
1.18944
1.18937
1.18931
1.18924
1.18918
1.18912
1.18907
1.18902
1.18898
1.18893
1.1889
1.18887
1.18884
1.18881
1.18879
1.18878
1.18877
1.18877
1.18877
1.18877
1.18878
1.1888
1.18882
1.18885
1.18888
1.18892
1.18896
1.18901
1.18906
1.18912
1.18918
1.18925
1.18933
1.18941
1.18949
1.18959
1.18968
1.18979
1.18989
1.19001
1.19013
1.19025
1.19038
1.19051
1.19065
1.19079
1.19094
1.1911
1.19126
1.19142
1.19159
1.19176
1.19194
1.19212
1.1923
1.19249
1.19268
1.19288
1.19308
1.19328
1.19349
1.1937
1.19392
1.19414
1.19436
1.19458
1.19481
1.19503
1.19526
1.1955
1.19573
1.19597
1.19621
1.19645
1.1967
1.19694
1.19719
1.19744
1.19768
1.19793
1.19819
1.19844
1.19869
1.19894
1.1992
1.19945
1.19971
1.19996
1.20021
1.20047
1.20072
1.20098
1.20123
1.20148
1.20174
1.20199
1.20224
1.20249
1.20274
1.20299
1.20324
1.20348
1.20373
1.20397
1.20421
1.20446
1.2047
1.20493
1.20517
1.2054
1.20564
1.20587
1.2061
1.20633
1.20655
1.20678
1.207
1.20722
1.20744
1.20765
1.20787
1.20808
1.20829
1.2085
1.2087
1.2089
1.2091
1.2093
1.2095
1.20969
1.20988
1.21007
1.21026
1.21044
1.21062
1.2108
1.21098
1.21115
1.21132
1.21149
1.21166
1.21182
1.21198
1.21214
1.2123
1.21245
1.2126
1.21275
1.21289
1.21303
1.21317
1.21331
1.21344
1.21357
1.2137
1.21383
1.21395
1.21407
1.21418
1.2143
1.21441
1.21451
1.21462
1.21472
1.21482
1.21491
1.215
1.21509
1.21518
1.21526
1.21534
1.21541
1.21549
1.21556
1.21562
1.21568
1.21574
1.2158
1.21585
1.2159
1.21594
1.21599
1.21602
1.21606
1.21609
1.21612
1.21614
1.21616
1.21618
1.21619
1.2162
1.21621
1.21621
1.21621
1.21621
1.2162
1.21619
1.21617
1.21616
1.21614
1.21611
1.21608
1.21605
1.21602
1.21598
1.21594
1.21589
1.21585
1.2158
1.21575
1.21569
1.21563
1.21557
1.21551
1.21544
1.21537
1.2153
1.21523
1.21515
1.21507
1.215
1.21491
1.21483
1.21475
1.21466
1.21458
1.21449
1.2144
1.21431
1.21422
1.21413
1.21404
1.21395
1.21386
1.21377
1.21368
1.21359
1.2135
1.21341
1.21332
1.21324
1.21315
1.21307
1.21299
1.21291
1.21284
1.21276
1.21269
1.21262
1.21256
1.21249
1.21244
1.21238
1.21233
1.21228
1.21224
1.2122
1.21217
1.21214
1.21211
1.21209
1.21208
1.21207
1.21206
1.21206
1.21207
1.21208
1.2121
1.21213
1.21216
1.2122
1.21224
1.21229
1.21235
1.21241
1.21248
1.21256
1.21265
1.21274
1.21283
1.21294
1.21305
1.21317
1.21329
1.21342
1.21356
1.2137
1.21385
1.21401
1.21417
1.21434
1.21451
1.21469
1.21487
1.21506
1.21525
1.21545
1.21566
1.21587
1.21608
1.21629
1.21651
1.21673
1.21696
1.21719
1.21742
1.21765
1.21788
1.21812
1.21835
1.21859
1.21883
1.21906
1.2193
1.21953
1.21977
1.22
1.22023
1.22046
1.22069
1.22092
1.22114
1.22136
1.22157
1.22178
1.22199
1.22219
1.22238
1.22258
1.22276
1.22294
1.22312
1.22328
1.22345
1.2236
1.22375
1.22389
1.22403
1.22415
1.22427
1.22438
1.22449
1.22458
1.22467
1.22475
1.22482
1.22489
1.22494
1.22499
1.22503
1.22506
1.22508
1.2251
1.22511
1.22511
1.2251
1.22508
1.22506
1.22502
1.22498
1.22494
1.22489
1.22482
1.22476
1.22468
1.2246
1.22452
1.22442
1.22433
1.22422
1.22411
1.224
1.22388
1.22376
1.22363
1.2235
1.22336
1.22322
1.22308
1.22293
1.22278
1.22263
1.22247
1.22231
1.22215
1.22199
1.22183
1.22166
1.22149
1.22133
1.22116
1.22098
1.22081
1.22064
1.22047
1.22029
1.22012
1.21994
1.21977
1.21959
1.21942
1.21924
1.21907
1.21889
1.21872
1.21855
1.21837
1.2182
1.21803
1.21786
1.21769
1.21752
1.21735
1.21719
1.21702
1.21686
1.2167
1.21654
1.21639
1.21624
1.21609
1.21594
1.2158
1.21566
1.21553
1.2154
1.21528
1.21516
1.21505
1.21494
1.21485
1.21475
1.21467
1.21459
1.21452
1.21446
1.21441
1.21437
1.21434
1.21432
1.21431
1.2143
1.21431
1.21433
1.21436
1.2144
1.21445
1.21451
1.21458
1.21466
1.21476
1.21486
1.21497
1.21509
1.21522
1.21535
1.2155
1.21565
1.21581
1.21597
1.21614
1.21631
1.21648
1.21666
1.21683
1.21701
1.21719
1.21736
1.21753
1.2177
1.21786
1.21802
1.21817
1.21831
1.21844
1.21856
1.21867
1.21877
1.21885
1.21892
1.21898
1.21902
1.21904
1.21905
1.21904
1.21901
1.21896
1.21888
1.21879
1.21868
1.21855
1.21839
1.21822
1.21802
1.2178
1.21755
1.21729
1.217
1.21668
1.21635
1.21599
1.21561
1.21521
1.21479
1.21434
1.21387
1.21339
1.21288
1.21235
1.21181
1.21124
1.21066
1.21005
1.20944
1.2088
1.20815
1.20749
1.20681
1.20611
1.20541
1.20469
1.20396
1.20322
1.20247
1.20171
1.20094
1.20017
1.19939
1.19861
1.19782
1.19702
1.19623
1.19543
1.19463
1.19383
1.19303
1.19223
1.19143
1.19064
1.18985
1.18906
1.18828
1.18751
1.18674
1.18598
1.18523
1.18449
1.18376
1.18305
1.18234
1.18165
1.18097
1.1803
1.17965
1.17902
1.1784
1.17781
1.17723
1.17666
1.17612
1.1756
1.17511
1.17463
1.17418
1.17375
1.17334
1.17296
1.1726
1.17227
1.17197
1.17169
1.17144
1.17122
1.17103
1.17086
1.17072
1.17061
1.17053
1.17048
1.17046
1.17046
1.1705
1.17056
1.17065
1.17077
1.17092
1.17109
1.1713
1.17153
1.17178
1.17206
1.17237
1.1727
1.17305
1.17343
1.17383
1.17425
1.17469
1.17515
1.17563
1.17613
1.17664
1.17717
1.17772
1.17828
1.17886
1.17944
1.18004
1.18065
1.18127
1.1819
1.18253
1.18317
1.18382
1.18448
1.18513
1.18579
1.18646
1.18712
1.18779
1.18846
1.18912
1.18979
1.19045
1.19111
1.19177
1.19242
1.19307
1.19372
1.19435
1.19499
1.19561
1.19623
1.19685
1.19745
1.19805
1.19864
1.19922
1.19979
1.20035
1.2009
1.20144
1.20198
1.2025
1.20301
1.20351
1.204
1.20449
1.20496
1.20541
1.20586
1.2063
1.20673
1.20714
1.20754
1.20794
1.20832
1.20869
1.20904
1.20939
1.20973
1.21005
1.21036
1.21066
1.21095
1.21123
1.2115
1.21176
1.212
1.21224
1.21246
1.21267
1.21287
1.21306
1.21324
1.2134
1.21356
1.2137
1.21383
1.21396
1.21407
1.21417
1.21426
1.21433
1.2144
1.21446
1.2145
1.21453
1.21455
1.21457
1.21457
1.21456
1.21453
1.2145
1.21446
1.2144
1.21433
1.21426
1.21417
1.21407
1.21396
1.21384
1.21371
1.21357
1.21341
1.21325
1.21308
1.21289
1.2127
1.21249
1.21228
1.21205
1.21182
1.21158
1.21132
1.21106
1.21079
1.21051
1.21022
1.20992
1.20962
1.20931
1.20899
1.20866
1.20833
1.20799
1.20765
1.2073
1.20694
1.20659
1.20622
1.20586
1.20549
1.20512
1.20475
1.20437
1.204
1.20363
1.20325
1.20288
1.20251
1.20215
1.20179
1.20143
1.20108
1.20073
1.20039
1.20005
1.19973
1.19941
1.1991
1.1988
1.19852
1.19824
1.19797
1.19772
1.19748
1.19725
1.19703
1.19683
1.19665
1.19648
1.19632
1.19618
1.19605
1.19594
1.19585
1.19577
1.19571
1.19567
1.19564
1.19563
1.19563
1.19565
1.19568
1.19573
1.19579
1.19587
1.19596
1.19607
1.19619
1.19632
1.19647
1.19662
1.19679
1.19697
1.19715
1.19735
1.19755
1.19777
1.19799
1.19821
1.19844
1.19868
1.19892
1.19917
1.19942
1.19967
1.19992
1.20017
1.20043
1.20068
1.20094
1.20119
1.20144
1.20169
1.20194
1.20218
1.20242
1.20265
1.20288
1.20311
1.20333
1.20354
1.20375
1.20395
1.20415
1.20434
1.20452
1.20469
1.20486
1.20502
1.20517
1.20531
1.20544
1.20557
1.20568
1.20579
1.20589
1.20598
1.20606
1.20614
1.2062
1.20626
1.2063
1.20634
1.20637
1.20639
1.2064
1.2064
1.2064
1.20638
1.20636
1.20633
1.20629
1.20624
1.20618
1.20612
1.20604
1.20596
1.20587
1.20578
1.20567
1.20556
1.20544
1.20531
1.20517
1.20503
1.20488
1.20472
1.20456
1.20439
1.20421
1.20403
1.20383
1.20364
1.20343
1.20322
1.203
1.20278
1.20255
1.20232
1.20208
1.20183
1.20158
1.20132
1.20105
1.20078
1.20051
1.20023
1.19995
1.19966
1.19936
1.19907
1.19876
1.19845
1.19814
1.19783
1.19751
1.19718
1.19685
1.19652
1.19619
1.19585
1.19551
1.19516
1.19481
1.19446
1.19411
1.19375
1.19339
1.19303
1.19267
1.19231
1.19194
1.19157
1.19121
1.19084
1.19047
1.1901
1.18973
1.18935
1.18898
1.18861
1.18824
1.18787
1.1875
1.18714
1.18677
1.1864
1.18604
1.18568
1.18532
1.18497
1.18462
1.18427
1.18392
1.18358
1.18324
1.1829
1.18257
1.18225
1.18193
1.18161
1.1813
1.18099
1.18069
1.1804
1.18011
1.17983
1.17955
1.17928
1.17902
1.17876
1.17851
1.17827
1.17803
1.17781
1.17759
1.17737
1.17717
1.17697
1.17678
1.1766
1.17642
1.17626
1.1761
1.17594
1.1758
1.17566
1.17553
1.17541
1.1753
1.17519
1.17509
1.175
1.17492
1.17484
1.17477
1.17471
1.17465
1.1746
1.17455
1.17452
1.17448
1.17446
1.17444
1.17442
1.17441
1.17441
1.1744
1.17441
1.17442
1.17443
1.17445
1.17447
1.17449
1.17452
1.17455
1.17459
1.17463
1.17467
1.17471
1.17475
1.1748
1.17485
1.1749
1.17495
1.17501
1.17506
1.17512
1.17518
1.17524
1.17529
1.17535
1.17541
1.17547
1.17554
1.1756
1.17566
1.17572
1.17578
1.17584
1.1759
1.17596
1.17601
1.17607
1.17613
1.17619
1.17624
1.1763
1.17635
1.1764
1.17646
1.17651
1.17656
1.17661
1.17666
1.1767
1.17675
1.17679
1.17684
1.17688
1.17692
1.17696
1.177
1.17704
1.17708
1.17711
1.17715
1.17718
1.17722
1.17725
1.17728
1.17731
1.17734
1.17737
1.1774
1.17742
1.17745
1.17748
1.1775
1.17752
1.17755
1.17757
1.17759
1.17761
1.17764
1.17766
1.17768
1.1777
1.17772
1.17773
1.17775
1.17777
1.17779
1.17781
1.17782
1.17784
1.17786
1.17788
1.17789
1.17791
1.17793
1.17794
1.17796
1.17798
1.178
1.17801
1.17803
1.17805
1.17807
1.17808
1.1781
1.17812
1.17814
1.17816
1.17818
1.1782
1.17821
1.17823
1.17825
1.17827
1.1783
1.17832
1.17834
1.17836
1.17838
1.1784
1.17843
1.17845
1.17847
1.1785
1.17852
1.17855
1.17857
1.1786
1.17862
1.17865
1.17868
1.1787
1.17873
1.17876
1.17879
1.17881
1.17884
1.17887
1.1789
1.17893
1.17896
1.17899
1.17902
1.17905
1.17908
1.17911
1.17914
1.17918
1.17921
1.17924
1.17927
1.1793
1.17933
1.17936
1.1794
1.17943
1.17946
1.17949
1.17952
1.17955
1.17959
1.17962
1.17965
1.17968
1.17971
1.17974
1.17977
1.1798
1.17983
1.17986
1.17989
1.17991
1.17994
1.17997
1.18
1.18002
1.18005
1.18007
1.1801
1.18012
1.18014
1.18017
1.18019
1.18021
1.18023
1.18025
1.18026
1.18028
1.1803
1.18031
1.18032
1.18034
1.18035
1.18036
1.18037
1.18038
1.18038
1.18039
1.18039
1.18039
1.1804
1.1804
1.18039
1.18039
1.18039
1.18038
1.18037
1.18036
1.18035
1.18034
1.18032
1.18031
1.18029
1.18027
1.18025
1.18022
1.1802
1.18017
1.18014
1.18011
1.18007
1.18004
1.18
1.17996
1.17992
1.17988
1.17983
1.17978
1.17973
1.17968
1.17963
1.17957
1.17951
1.17945
1.17939
1.17933
1.17926
1.17919
1.17912
1.17905
1.17897
1.1789
1.17882
1.17874
1.17866
1.17857
1.17849
1.1784
1.17831
1.17822
1.17812
1.17803
1.17793
1.17783
1.17774
1.17763
1.17753
1.17743
1.17733
1.17722
1.17711
1.17701
1.1769
1.17679
1.17668
1.17657
1.17646
1.17635
1.17623
1.17612
1.17601
1.1759
1.17579
1.17568
1.17557
1.17546
1.17535
1.17524
1.17513
1.17502
1.17492
1.17481
1.17471
1.17461
1.17451
1.17441
1.17431
1.17421
1.17412
1.17403
1.17394
1.17385
1.17377
1.17369
1.17361
1.17353
1.17346
1.17339
1.17332
1.17326
1.1732
1.17314
1.17308
1.17303
1.17298
1.17294
1.17289
1.17285
1.17282
1.17279
1.17276
1.17273
1.17271
1.17269
1.17267
1.17266
1.17265
1.17264
1.17264
1.17264
1.17264
1.17264
1.17265
1.17266
1.17267
1.17268
1.1727
1.17272
1.17274
1.17276
1.17278
1.1728
1.17283
1.17285
1.17288
1.1729
1.17293
1.17296
1.17298
1.17301
1.17304
1.17306
1.17309
1.17311
1.17313
1.17315
1.17317
1.17319
1.1732
1.17321
1.17322
1.17323
1.17323
1.17323
1.17323
1.17322
1.17321
1.1732
1.17318
1.17316
1.17313
1.1731
1.17306
1.17302
1.17297
1.17292
1.17286
1.1728
1.17273
1.17266
1.17258
1.17249
1.1724
1.1723
1.1722
1.17209
1.17198
1.17186
1.17173
1.1716
1.17146
1.17131
1.17116
1.17101
1.17085
1.17068
1.17051
1.17033
1.17015
1.16996
1.16977
1.16957
1.16937
1.16916
1.16895
1.16874
1.16852
1.1683
1.16808
1.16785
1.16762
1.16739
1.16716
1.16693
1.16669
1.16646
1.16622
1.16598
1.16575
1.16551
1.16528
1.16505
1.16482
1.16459
1.16436
1.16414
1.16392
1.16371
1.16349
1.16329
1.16309
1.16289
1.1627
1.16252
1.16234
1.16217
1.16201
1.16186
1.16172
1.16158
1.16145
1.16133
1.16122
1.16113
1.16104
1.16096
1.16089
1.16084
1.1608
1.16076
1.16074
1.16073
1.16074
1.16075
1.16078
1.16082
1.16088
1.16094
1.16102
1.16112
1.16122
1.16134
1.16147
1.16162
1.16177
1.16194
1.16213
1.16232
1.16253
1.16275
1.16298
1.16323
1.16348
1.16375
1.16403
1.16432
1.16462
1.16493
1.16525
1.16558
1.16592
1.16627
1.16663
1.167
1.16737
1.16776
1.16815
1.16854
1.16895
1.16936
1.16978
1.1702
1.17063
1.17106
1.1715
1.17194
1.17239
1.17284
1.17329
1.17374
1.1742
1.17466
1.17512
1.17558
1.17604
1.1765
1.17696
1.17742
1.17788
1.17834
1.1788
1.17925
1.1797
1.18016
1.1806
1.18105
1.18149
1.18193
1.18237
1.1828
1.18323
1.18365
1.18407
1.18448
1.18489
1.1853
1.18569
1.18609
1.18648
1.18686
1.18723
1.1876
1.18797
1.18833
1.18868
1.18902
1.18936
1.18969
1.19002
1.19034
1.19065
1.19096
1.19126
1.19155
1.19183
1.19211
1.19239
1.19265
1.19291
1.19316
1.1934
1.19364
1.19387
1.1941
1.19432
1.19453
1.19473
1.19493
1.19512
1.19531
1.19548
1.19566
1.19582
1.19598
1.19613
1.19628
1.19642
1.19656
1.19668
1.19681
1.19692
1.19703
1.19714
1.19724
1.19733
1.19742
1.1975
1.19758
1.19765
1.19771
1.19777
1.19783
1.19788
1.19792
1.19796
1.198
1.19803
1.19805
1.19807
1.19809
1.1981
1.1981
1.1981
1.1981
1.19809
1.19808
1.19806
1.19804
1.19801
1.19798
1.19794
1.1979
1.19786
1.19781
1.19776
1.1977
1.19764
1.19757
1.1975
1.19743
1.19735
1.19727
1.19718
1.19709
1.197
1.1969
1.1968
1.19669
1.19658
1.19647
1.19635
1.19623
1.19611
1.19598
1.19584
1.19571
1.19556
1.19542
1.19527
1.19512
1.19496
1.1948
1.19464
1.19447
1.1943
1.19413
1.19395
1.19377
1.19358
1.19339
1.1932
1.193
1.1928
1.19259
1.19239
1.19217
1.19196
1.19174
1.19152
1.19129
1.19106
1.19083
1.19059
1.19035
1.19011
1.18986
1.18961
1.18936
1.1891
1.18884
1.18858
1.18831
1.18804
1.18777
1.18749
1.18722
1.18693
1.18665
1.18636
1.18607
1.18578
1.18549
1.18519
1.18489
1.18459
1.18429
1.18398
1.18367
1.18336
1.18305
1.18274
1.18242
1.1821
1.18179
1.18147
1.18115
1.18082
1.1805
1.18018
1.17986
1.17953
1.17921
1.17888
1.17856
1.17823
1.17791
1.17758
1.17726
1.17693
1.17661
1.17629
1.17597
1.17565
1.17533
1.17501
1.1747
1.17438
1.17407
1.17376
1.17346
1.17315
1.17285
1.17255
1.17225
1.17196
1.17167
1.17138
1.1711
1.17082
1.17054
1.17027
1.17
1.16973
1.16947
1.16921
1.16896
1.16871
1.16846
1.16822
1.16799
1.16775
1.16753
1.1673
1.16709
1.16687
1.16666
1.16646
1.16626
1.16606
1.16587
1.16569
1.16551
1.16533
1.16516
1.16499
1.16482
1.16467
1.16451
1.16436
1.16421
1.16407
1.16393
1.16379
1.16366
1.16353
1.1634
1.16328
1.16316
1.16305
1.16293
1.16282
1.16271
1.16261
1.1625
1.1624
1.16231
1.16221
1.16212
1.16202
1.16193
1.16185
1.16176
1.16168
1.16159
1.16151
1.16144
1.16136
1.16129
1.16121
1.16114
1.16108
1.16101
1.16095
1.16089
1.16083
1.16078
1.16073
1.16068
1.16064
1.1606
1.16057
1.16054
1.16052
1.16051
1.1605
1.16049
1.1605
1.16051
1.16053
1.16055
1.16059
1.16063
1.16069
1.16075
1.16083
1.16092
1.16102
1.16113
1.16125
1.16138
1.16153
1.16169
1.16187
1.16206
1.16226
1.16248
1.16271
1.16296
1.16322
1.1635
1.16379
1.16409
1.16441
1.16475
1.1651
1.16546
1.16584
1.16623
1.16664
1.16705
1.16748
1.16792
1.16838
1.16884
1.16932
1.1698
1.1703
1.1708
1.17131
1.17183
1.17235
1.17288
1.17341
1.17395
1.1745
1.17504
1.17559
1.17614
1.17669
1.17724
1.17779
1.17834
1.17889
1.17943
1.17997
1.18051
1.18104
1.18157
1.18209
1.1826
1.18311
1.18361
1.18411
1.18459
1.18507
1.18554
1.186
1.18645
1.18689
1.18732
1.18774
1.18815
1.18855
1.18894
1.18931
1.18968
1.19003
1.19038
1.19071
1.19103
1.19134
1.19164
1.19192
1.1922
1.19246
1.19271
1.19295
1.19318
1.1934
1.19361
1.19381
1.19399
1.19417
1.19433
1.19448
1.19463
1.19476
1.19489
1.195
1.19511
1.1952
1.19529
1.19536
1.19543
1.19549
1.19554
1.19559
1.19562
1.19565
1.19567
1.19569
1.19569
1.19569
1.19569
1.19567
1.19566
1.19563
1.1956
1.19557
1.19552
1.19548
1.19543
1.19537
1.19532
1.19525
1.19519
1.19512
1.19504
1.19497
1.19489
1.19481
1.19472
1.19464
1.19455
1.19446
1.19437
1.19428
1.19418
1.19409
1.19399
1.1939
1.1938
1.19371
1.19361
1.19351
1.19342
1.19332
1.19323
1.19314
1.19305
1.19296
1.19287
1.19278
1.19269
1.19261
1.19253
1.19245
1.19237
1.19229
1.19222
1.19215
1.19208
1.19202
1.19195
1.19189
1.19183
1.19178
1.19173
1.19168
1.19163
1.19159
1.19155
1.19151
1.19147
1.19144
1.19141
1.19138
1.19136
1.19134
1.19132
1.1913
1.19129
1.19128
1.19127
1.19126
1.19126
1.19126
1.19126
1.19126
1.19126
1.19127
1.19128
1.19129
1.1913
1.19131
1.19133
1.19134
1.19136
1.19138
1.1914
1.19141
1.19143
1.19146
1.19148
1.1915
1.19152
1.19154
1.19156
1.19159
1.19161
1.19163
1.19165
1.19168
1.1917
1.19172
1.19174
1.19176
1.19178
1.1918
1.19181
1.19183
1.19185
1.19186
1.19187
1.19189
1.1919
1.19191
1.19192
1.19193
1.19194
1.19194
1.19195
1.19195
1.19196
1.19196
1.19196
1.19196
1.19196
1.19196
1.19196
1.19196
1.19196
1.19195
1.19195
1.19194
1.19194
1.19193
1.19193
1.19192
1.19191
1.19191
1.1919
1.19189
1.19189
1.19188
1.19188
1.19187
1.19187
1.19187
1.19186
1.19186
1.19186
1.19186
1.19186
1.19187
1.19187
1.19188
1.19189
1.1919
1.19191
1.19192
1.19194
1.19195
1.19197
1.192
1.19202
1.19205
1.19208
1.19211
1.19214
1.19218
1.19222
1.19226
1.19231
1.19235
1.19241
1.19246
1.19252
1.19257
1.19264
1.1927
1.19277
1.19284
1.19291
1.19299
1.19307
1.19315
1.19323
1.19332
1.19341
1.1935
1.19359
1.19369
1.19379
1.19389
1.19399
1.1941
1.1942
1.19431
1.19442
1.19453
1.19464
1.19476
1.19487
1.19499
1.19511
1.19522
1.19534
1.19546
1.19558
1.1957
1.19582
1.19594
1.19606
1.19618
1.1963
1.19642
1.19654
1.19666
1.19677
1.19689
1.197
1.19712
1.19723
1.19734
1.19745
1.19755
1.19766
1.19776
1.19786
1.19796
1.19805
1.19815
1.19824
1.19833
1.19841
1.19849
1.19857
1.19865
1.19872
1.19879
1.19886
1.19892
1.19898
1.19903
1.19909
1.19913
1.19918
1.19922
1.19926
1.19929
1.19932
1.19934
1.19936
1.19938
1.19939
1.1994
1.1994
1.1994
1.19939
1.19938
1.19937
1.19935
1.19932
1.19929
1.19926
1.19922
1.19918
1.19913
1.19908
1.19903
1.19896
1.1989
1.19883
1.19875
1.19867
1.19858
1.19849
1.19839
1.19829
1.19819
1.19807
1.19796
1.19784
1.19771
1.19758
1.19744
1.19729
1.19715
1.19699
1.19683
1.19667
1.1965
1.19632
1.19614
1.19595
1.19576
1.19556
1.19536
1.19514
1.19493
1.19471
1.19448
1.19424
1.194
1.19376
1.1935
1.19324
1.19298
1.19271
1.19243
1.19214
1.19185
1.19155
1.19125
1.19094
1.19062
1.1903
1.18997
1.18963
1.18929
1.18894
1.18858
1.18822
1.18785
1.18748
1.1871
1.18671
1.18632
1.18592
1.18551
1.1851
1.18469
1.18427
1.18384
1.18341
1.18297
1.18253
1.18208
1.18164
1.18118
1.18073
1.18027
1.1798
1.17934
1.17887
1.1784
1.17793
1.17746
1.17699
1.17651
1.17604
1.17557
1.17509
1.17462
1.17416
1.17369
1.17323
1.17277
1.17231
1.17186
1.17142
1.17098
1.17054
1.17011
1.16969
1.16928
1.16887
1.16847
1.16808
1.1677
1.16733
1.16697
1.16663
1.16629
1.16596
1.16565
1.16534
1.16505
1.16478
1.16451
1.16426
1.16403
1.1638
1.16359
1.1634
1.16322
1.16305
1.1629
1.16276
1.16264
1.16253
1.16243
1.16235
1.16229
1.16224
1.1622
1.16218
1.16217
1.16217
1.16219
1.16222
1.16226
1.16231
1.16238
1.16246
1.16255
1.16265
1.16276
1.16289
1.16302
1.16316
1.16331
1.16347
1.16364
1.16382
1.16401
1.1642
1.1644
1.1646
1.16481
1.16503
1.16525
1.16548
1.16572
1.16595
1.16619
1.16644
1.16669
1.16694
1.16719
1.16745
1.16771
1.16797
1.16823
1.1685
1.16876
1.16903
1.1693
1.16957
1.16984
1.17011
1.17038
1.17065
1.17092
1.17119
1.17146
1.17173
1.17201
1.17228
1.17255
1.17282
1.17309
1.17336
1.17363
1.1739
1.17417
1.17444
1.17471
1.17498
1.17525
1.17552
1.17579
1.17606
1.17633
1.1766
1.17687
1.17714
1.17741
1.17768
1.17795
1.17822
1.17849
1.17876
1.17903
1.1793
1.17957
1.17985
1.18012
1.18039
1.18067
1.18094
1.18122
1.18149
1.18177
1.18205
1.18232
1.1826
1.18288
1.18316
1.18344
1.18372
1.184
1.18428
1.18457
1.18485
1.18513
1.18542
1.1857
1.18598
1.18627
1.18655
1.18684
1.18712
1.18741
1.1877
1.18798
1.18827
1.18856
1.18884
1.18913
1.18942
1.1897
1.18999
1.19027
1.19056
1.19084
1.19113
1.19141
1.1917
1.19198
1.19226
1.19254
1.19282
1.1931
1.19338
1.19366
1.19394
1.19422
1.19449
1.19477
1.19504
1.19531
1.19559
1.19585
1.19612
1.19639
1.19666
1.19692
1.19718
1.19745
1.19771
1.19796
1.19822
1.19847
1.19873
1.19898
1.19923
1.19948
1.19972
1.19997
1.20021
1.20045
1.20069
1.20093
1.20116
1.20139
1.20162
1.20185
1.20208
1.2023
1.20252
1.20274
1.20296
1.20318
1.20339
1.2036
1.20381
1.20402
1.20422
1.20442
1.20462
1.20482
1.20502
1.20521
1.2054
1.20559
1.20578
1.20596
1.20614
1.20632
1.2065
1.20667
1.20684
1.20701
1.20718
1.20734
1.2075
1.20766
1.20782
1.20798
1.20813
1.20828
1.20843
1.20857
1.20872
1.20886
1.20899
1.20913
1.20926
1.20939
1.20952
1.20965
1.20977
1.20989
1.21001
1.21012
1.21024
1.21035
1.21045
1.21056
1.21066
1.21076
1.21086
1.21096
1.21105
1.21114
1.21123
1.21131
1.21139
1.21147
1.21155
1.21163
1.2117
1.21177
1.21184
1.2119
1.21196
1.21202
1.21208
1.21213
1.21218
1.21223
1.21228
1.21232
1.21236
1.2124
1.21243
1.21246
1.21249
1.21252
1.21254
1.21256
1.21258
1.2126
1.21261
1.21262
1.21263
1.21263
1.21263
1.21263
1.21263
1.21262
1.21261
1.2126
1.21258
1.21257
1.21254
1.21252
1.21249
1.21246
1.21243
1.2124
1.21236
1.21232
1.21227
1.21223
1.21218
1.21213
1.21207
1.21201
1.21195
1.21189
1.21182
1.21176
1.21168
1.21161
1.21153
1.21145
1.21137
1.21129
1.2112
1.21111
1.21102
1.21092
1.21082
1.21072
1.21062
1.21051
1.21041
1.21029
1.21018
1.21007
1.20995
1.20983
1.2097
1.20958
1.20945
1.20932
1.20919
1.20906
1.20892
1.20878
1.20864
1.2085
1.20835
1.2082
1.20805
1.2079
1.20775
1.20759
1.20743
1.20727
1.20711
1.20694
1.20678
1.20661
1.20643
1.20626
1.20608
1.2059
1.20572
1.20554
1.20535
1.20517
1.20498
1.20478
1.20459
1.20439
1.20419
1.20398
1.20378
1.20357
1.20336
1.20314
1.20292
1.2027
1.20248
1.20225
1.20202
1.20179
1.20155
1.20132
1.20107
1.20083
1.20058
1.20032
1.20007
1.19981
1.19955
1.19928
1.19901
1.19874
1.19846
1.19818
1.1979
1.19761
1.19732
1.19703
1.19674
1.19644
1.19614
1.19584
1.19554
1.19523
1.19493
1.19462
1.19432
1.19401
1.1937
1.19339
1.19309
1.19278
1.19248
1.19218
1.19188
1.19159
1.1913
1.19102
1.19074
1.19046
1.1902
1.18994
1.18969
1.18944
1.18921
1.18899
1.18878
1.18858
1.18839
1.18821
1.18805
1.1879
1.18777
1.18765
1.18755
1.18747
1.1874
1.18735
1.18732
1.18731
1.18731
1.18734
1.18739
1.18745
1.18754
1.18764
1.18776
1.18791
1.18807
1.18826
1.18846
1.18869
1.18893
1.18919
1.18947
1.18977
1.19009
1.19042
1.19077
1.19113
1.19151
1.1919
1.19231
1.19273
1.19316
1.1936
1.19405
1.19451
1.19498
1.19546
1.19594
1.19643
1.19693
1.19743
1.19793
1.19843
1.19894
1.19945
1.19996
1.20046
1.20097
1.20147
1.20197
1.20247
1.20296
1.20345
1.20393
1.20441
1.20488
1.20535
1.20581
1.20626
1.2067
1.20713
1.20756
1.20798
1.20839
1.20878
1.20917
1.20955
1.20993
1.21029
1.21064
1.21098
1.21131
1.21163
1.21194
1.21224
1.21253
1.21281
1.21308
1.21335
1.2136
1.21384
1.21407
1.2143
1.21451
1.21472
1.21491
1.2151
1.21528
1.21545
1.21561
1.21577
1.21591
1.21605
1.21618
1.21631
1.21642
1.21653
1.21664
1.21674
1.21683
1.21691
1.21699
1.21707
1.21714
1.2172
1.21726
1.21731
1.21736
1.21741
1.21745
1.21748
1.21752
1.21755
1.21757
1.2176
1.21762
1.21763
1.21765
1.21766
1.21767
1.21768
1.21768
1.21769
1.21769
1.21769
1.21769
1.21768
1.21768
1.21767
1.21767
1.21766
1.21765
1.21764
1.21763
1.21762
1.21761
1.2176
1.21759
1.21758
1.21757
1.21756
1.21755
1.21753
1.21752
1.21751
1.2175
1.21749
1.21748
1.21747
1.21746
1.21745
1.21744
1.21743
1.21742
1.21741
1.2174
1.21739
1.21738
1.21737
1.21736
1.21735
1.21734
1.21733
1.21731
1.2173
1.21729
1.21728
1.21727
1.21725
1.21724
1.21723
1.21721
1.21719
1.21718
1.21716
1.21714
1.21712
1.21709
1.21707
1.21704
1.21701
1.21698
1.21695
1.21692
1.21688
1.21684
1.2168
1.21676
1.21671
1.21666
1.21661
1.21655
1.2165
1.21643
1.21637
1.2163
1.21623
1.21615
1.21608
1.21599
1.21591
1.21582
1.21572
1.21563
1.21553
1.21542
1.21531
1.2152
1.21508
1.21496
1.21484
1.21471
1.21458
1.21444
1.2143
1.21416
1.21401
1.21386
1.21371
1.21355
1.21339
1.21323
1.21306
1.21289
1.21272
1.21254
1.21237
1.21219
1.21201
1.21182
1.21164
1.21145
1.21127
1.21108
1.21089
1.2107
1.21051
1.21032
1.21014
1.20995
1.20976
1.20957
1.20939
1.2092
1.20902
1.20884
1.20866
1.20849
1.20832
1.20815
1.20798
1.20782
1.20766
1.2075
1.20735
1.20721
1.20706
1.20693
1.20679
1.20667
1.20655
1.20643
1.20632
1.20621
1.20611
1.20602
1.20593
1.20585
1.20578
1.20571
1.20564
1.20559
1.20554
1.20549
1.20546
1.20543
1.2054
1.20538
1.20537
1.20537
1.20537
1.20537
1.20539
1.20541
1.20543
1.20546
1.2055
1.20554
1.20559
1.20564
1.2057
1.20576
1.20583
1.2059
1.20598
1.20606
1.20614
1.20623
1.20632
1.20642
1.20652
1.20662
1.20673
1.20684
1.20695
1.20706
1.20718
1.2073
1.20742
1.20754
1.20766
1.20779
1.20791
1.20804
1.20817
1.2083
1.20843
1.20856
1.20869
1.20882
1.20895
1.20908
1.20921
1.20934
1.20947
1.20959
1.20972
1.20985
1.20998
1.2101
1.21023
1.21035
1.21048
1.2106
1.21072
1.21084
1.21096
1.21108
1.2112
1.21132
1.21144
1.21155
1.21167
1.21178
1.2119
1.21201
1.21213
1.21224
1.21236
1.21247
1.21259
1.2127
1.21281
1.21293
1.21304
1.21316
1.21328
1.21339
1.21351
1.21363
1.21375
1.21387
1.21399
1.21411
1.21423
1.21435
1.21448
1.21461
1.21473
1.21486
1.21499
1.21512
1.21525
1.21539
1.21552
1.21566
1.21579
1.21593
1.21607
1.21621
1.21635
1.21649
1.21663
1.21678
1.21692
1.21706
1.21721
1.21735
1.2175
1.21764
1.21778
1.21793
1.21807
1.21822
1.21836
1.2185
1.21864
1.21878
1.21892
1.21906
1.2192
1.21933
1.21947
1.2196
1.21973
1.21986
1.21998
1.22011
1.22023
1.22035
1.22046
1.22057
1.22069
1.22079
1.2209
1.221
1.2211
1.22119
1.22128
1.22137
1.22146
1.22154
1.22161
1.22169
1.22175
1.22182
1.22188
1.22194
1.22199
1.22204
1.22208
1.22212
1.22216
1.22219
1.22222
1.22224
1.22226
1.22228
1.22229
1.22229
1.22229
1.22229
1.22228
1.22227
1.22225
1.22223
1.2222
1.22217
1.22214
1.2221
1.22206
1.22201
1.22196
1.2219
1.22184
1.22178
1.22171
1.22163
1.22156
1.22148
1.22139
1.2213
1.22121
1.22111
1.22102
1.22091
1.2208
1.22069
1.22058
1.22046
1.22034
1.22022
1.22009
1.21996
1.21983
1.21969
1.21955
1.21941
1.21927
1.21912
1.21897
1.21882
1.21867
1.21851
1.21836
1.2182
1.21803
1.21787
1.21771
1.21754
1.21737
1.2172
1.21703
1.21685
1.21668
1.2165
1.21633
1.21615
1.21597
1.21579
1.2156
1.21542
1.21524
1.21505
1.21487
1.21468
1.2145
1.21431
1.21412
1.21393
1.21374
1.21355
1.21336
1.21316
1.21297
1.21277
1.21258
1.21238
1.21219
1.21199
1.21179
1.21159
1.21138
1.21118
1.21097
1.21077
1.21056
1.21035
1.21014
1.20992
1.20971
1.20949
1.20927
1.20905
1.20882
1.2086
1.20836
1.20813
1.20789
1.20765
1.20741
1.20716
1.20691
1.20666
1.2064
1.20614
1.20587
1.2056
1.20533
1.20505
1.20476
1.20447
1.20418
1.20388
1.20358
1.20327
1.20295
1.20263
1.20231
1.20198
1.20164
1.2013
1.20095
1.2006
1.20024
1.19987
1.1995
1.19913
1.19875
1.19836
1.19797
1.19758
1.19718
1.19677
1.19636
1.19595
1.19553
1.19511
1.19469
1.19426
1.19383
1.1934
1.19296
1.19253
1.19209
1.19165
1.19122
1.19078
1.19035
1.18991
1.18948
1.18905
1.18863
1.18821
1.18779
1.18738
1.18698
1.18659
1.1862
1.18582
1.18545
1.18509
1.18474
1.1844
1.18407
1.18376
1.18346
1.18318
1.18291
1.18266
1.18242
1.1822
1.18199
1.18181
1.18164
1.18149
1.18137
1.18126
1.18117
1.1811
1.18105
1.18102
1.18101
1.18102
1.18106
1.18111
1.18118
1.18128
1.18139
1.18152
1.18167
1.18184
1.18203
1.18224
1.18246
1.1827
1.18295
1.18322
1.18351
1.1838
1.18411
1.18444
1.18477
1.18511
1.18547
1.18583
1.1862
1.18658
1.18696
1.18735
1.18774
1.18813
1.18853
1.18894
1.18934
1.18974
1.19014
1.19055
1.19095
1.19135
1.19174
1.19213
1.19252
1.19291
1.19329
1.19366
1.19403
1.1944
1.19476
1.19511
1.19545
1.19579
1.19612
1.19644
1.19676
1.19707
1.19737
1.19766
1.19795
1.19823
1.1985
1.19876
1.19902
1.19926
1.19951
1.19974
1.19997
1.20019
1.2004
1.20061
1.20081
1.201
1.20119
1.20138
1.20156
1.20173
1.2019
1.20206
1.20222
1.20238
1.20253
1.20268
1.20282
1.20296
1.2031
1.20324
1.20337
1.2035
1.20363
1.20376
1.20389
1.20401
1.20414
1.20426
1.20438
1.2045
1.20462
1.20475
1.20487
1.20499
1.20511
1.20523
1.20535
1.20547
1.20559
1.20572
1.20584
1.20596
1.20609
1.20621
1.20634
1.20647
1.2066
1.20673
1.20686
1.20699
1.20712
1.20725
1.20739
1.20752
1.20766
1.20779
1.20793
1.20807
1.2082
1.20834
1.20848
1.20862
1.20876
1.2089
1.20904
1.20918
1.20932
1.20946
1.2096
1.20974
1.20988
1.21001
1.21015
1.21029
1.21043
1.21056
1.2107
1.21083
1.21096
1.21109
1.21122
1.21135
1.21148
1.2116
1.21173
1.21185
1.21197
1.21209
1.2122
1.21232
1.21243
1.21254
1.21265
1.21276
1.21286
1.21297
1.21307
1.21316
1.21326
1.21335
1.21344
1.21353
1.21362
1.2137
1.21379
1.21387
1.21394
1.21402
1.21409
1.21416
1.21423
1.2143
1.21436
1.21442
1.21449
1.21454
1.2146
1.21466
1.21471
1.21476
1.21481
1.21486
1.2149
1.21495
1.21499
1.21504
1.21508
1.21512
1.21516
1.21519
1.21523
1.21527
1.2153
1.21534
1.21537
1.2154
1.21544
1.21547
1.2155
1.21553
1.21556
1.2156
