           1    0.007256    0.007256           0
           2   -0.001636     0.00281    0.004446
           3    0.012064  0.00589467    0.004013
           4    0.007952    0.006409  0.00288385
           5   -0.007432   0.0036408  0.00355709
           6     0.00744    0.004274  0.00297258
           7   -0.012532  0.00187314  0.00347501
           8    0.004532   0.0022055  0.00302774
           9   -0.005648  0.00133289  0.00280918
          10    0.002572   0.0014568  0.00251566
          11     0.00744  0.00200073  0.00233961
          12   -0.013452    0.000713  0.00249394
          13      0.0038 0.000950462  0.00230635
          14    0.002348  0.00105029  0.00213759
          15   -0.007492   0.0004808  0.00206987
          16    0.001472  0.00054275  0.00193718
          17   -0.001544     0.00042   0.0018238
          18    0.002828 0.000553778  0.00172469
          19   -0.014848-0.000256842  0.00182169
          20   -0.007624  -0.0006252  0.00176703
           1    0.007256    0.007256           0
           2   -0.001636     0.00281    0.004446
           3    0.012064  0.00589467    0.004013
           4    0.007952    0.006409  0.00288385
           5   -0.007432   0.0036408  0.00355709
           6     0.00744    0.004274  0.00297258
           7   -0.012532  0.00187314  0.00347501
           8    0.004532   0.0022055  0.00302774
           9   -0.005648  0.00133289  0.00280918
          10    0.002572   0.0014568  0.00251566
          11     0.00744  0.00200073  0.00233961
          12   -0.013452    0.000713  0.00249394
          13      0.0038 0.000950462  0.00230635
          14    0.002348  0.00105029  0.00213759
          15   -0.007492   0.0004808  0.00206987
          16    0.001472  0.00054275  0.00193718
          17   -0.001544     0.00042   0.0018238
          18    0.002828 0.000553778  0.00172469
          19   -0.014848-0.000256842  0.00182169
          20   -0.007624  -0.0006252  0.00176703
