           1         0.2         0.2           0
           2         0.2         0.2           0
           3         0.2         0.2        -nan
           4         0.2         0.2           0
           5         0.2         0.2           0
           6         0.2         0.2   1.666e-09
           7         0.2         0.2  1.0754e-09
           8         0.2         0.2 1.40803e-09
           9         0.2         0.2 1.31709e-09
          10         0.2         0.2 1.52084e-09
          11         0.2         0.2  1.4428e-09
          12         0.2         0.2 1.37565e-09
          13         0.2         0.2  1.0754e-09
          14         0.2         0.2 1.03321e-09
          15         0.2         0.2 7.04014e-10
          16         0.2         0.2 6.80142e-10
          17         0.2         0.2 6.58545e-10
          18         0.2         0.2        -nan
          19         0.2         0.2        -nan
          20         0.2         0.2 6.04322e-10
           1   -0.462688   -0.462688           0
           2   -0.463024   -0.462856    0.000168
           3   -0.463944   -0.463219 0.000375413
           4   -0.461488   -0.462786  0.00050761
           5   -0.461688   -0.462566 0.000450361
           6   -0.463296   -0.462688 0.000387302
           7   -0.461696   -0.462546  0.00035669
           8   -0.463104   -0.462616 0.000316672
           9     -0.4602   -0.462348 0.000387374
          10   -0.459816   -0.462094 0.000429109
          11   -0.463144    -0.46219   0.0003997
          12    -0.45812   -0.461851 0.000498154
          13    -0.46312   -0.461948 0.000468522
          14   -0.459424   -0.461768  0.00046975
          15   -0.460304    -0.46167 0.000448072
          16   -0.463136   -0.461762 0.000429026
          17   -0.461664   -0.461756 0.000403041
          18   -0.460832   -0.461705 0.000383444
          19   -0.459816   -0.461605  0.00037608
          20   -0.462936   -0.461672  0.00036293
