4.69362e-322 6.90921e-310 
4.69362e-322 6.90921e-310 
4.69362e-322 6.90921e-310 
4.69362e-322 6.90921e-310 
4.69362e-322 6.90921e-310 
4.69362e-322 6.90921e-310 
4.69362e-322 6.90921e-310 
4.69362e-322 6.90921e-310 
4.69362e-322 6.90921e-310 
4.69362e-322 6.90921e-310 
4.69362e-322 6.90921e-310 
4.69362e-322 6.90921e-310 
4.69362e-322 6.90921e-310 
4.69362e-322 6.90921e-310 
4.69362e-322 6.90921e-310 
4.69362e-322 6.90921e-310 
4.69362e-322 6.90921e-310 
4.69362e-322 6.90921e-310 
4.69362e-322 6.90921e-310 
4.69362e-322 6.90921e-310 
4.69362e-322 6.90921e-310 
4.69362e-322 6.90921e-310 
4.69362e-322 6.90921e-310 
4.69362e-322 6.90921e-310 
4.69362e-322 6.90921e-310 
4.69362e-322 6.90921e-310 
4.69362e-322 6.90921e-310 44.69362e-322 6.90921e-3104.4.69362e-322 6.90921e-310 
4.69362e-322 6.91941e-310 
