11.6448
10.0006
9.46161
8.77429
8.00484
7.91956
7.6405
7.48046
7.0528
6.91682
6.87745
6.72819
6.5568
6.34987
6.34166
6.29249
6.29249
6.29249
6.29249
6.29249
6.29249
6.23989
6.23451
6.08052
6.07229
5.94716
5.93893
5.93893
5.93893
5.93893
5.88328
5.76614
5.75243
5.59244
5.41139
5.25141
5.25141
5.25141
5.25141
5.25141
5.25141
5.25141
5.21834
5.21834
5.11586
5.10764
5.10764
5.10764
5.10764
5.10764
5.10764
5.10764
5.10764
5.10764
5.10764
5.10764
5.10764
5.10764
5.10764
5.10764
5.10764
5.10764
5.10764
5.10764
5.10764
5.10764
5.10764
5.10764
5.10764
5.10764
5.10764
5.10764
5.10764
5.10764
5.10764
5.10764
5.10764
5.10764
5.10764
5.05035
5.05035
5.05035
5.05035
5.02836
5.02836
5.02836
4.89356
4.79476
4.79476
4.79476
4.79476
4.79476
4.79476
4.79476
4.79476
4.79476
4.77708
4.77708
4.74641
4.74641
4.7458
4.7458
4.7458
4.7458
4.7458
4.72828
4.72828
4.72828
4.72828
4.72828
4.72828
4.72828
4.72828
4.72828
4.72828
4.72828
4.72828
4.72828
4.72828
4.72828
4.72828
4.72828
4.72828
4.72828
4.72828
4.72828
4.72828
4.72828
4.72828
4.72828
4.72828
4.72828
4.72828
4.72828
4.72828
4.72828
4.72828
4.72828
4.72828
4.72828
4.72828
4.72828
4.72828
4.72828
4.72828
4.72828
4.72828
4.6288
4.6288
4.6288
4.6288
4.6288
4.6288
4.6288
4.6288
4.6288
4.6288
4.6288
4.6288
4.6288
4.6288
4.6288
4.6288
4.6288
4.6288
4.6288
4.6288
4.6288
4.6288
4.6288
4.6288
4.6288
4.6288
4.6288
4.6288
4.6288
4.6288
4.6288
4.6288
4.6288
4.6288
4.6288
4.6288
4.6288
4.6288
4.6288
4.6288
4.6288
4.6288
4.6288
4.6288
4.6288
4.6288
4.6288
4.6288
4.6288
4.6288
4.6288
4.6288
4.6288
4.6288
4.6288
