15.137
12.4668
10.7444
9.92316
9.3119
8.59146
8.06647
7.88287
7.60705
7.23281
7.05509
6.94393
6.80516
6.65961
6.49495
6.38375
6.33821
6.31868
6.30626
6.2963
6.29249
6.2949
6.30229
6.25505
6.20596
6.11564
6.04761
5.95153
5.94306
5.94056
5.93849
5.91818
5.85801
5.77636
5.91971
5.80581
5.68415
5.39702
5.28845
5.25145
5.25141
5.26634
5.25737
5.25637
5.25388
5.18654
5.14475
5.11719
5.11546
5.1079
5.10764
5.10764
5.10764
5.10764
5.11082
5.10878
5.11634
5.10765
5.12049
5.11633
5.10765
5.10794
5.10764
5.10773
5.10823
5.12508
5.12074
5.11206
5.12237
5.12864
5.10826
5.1098
5.10764
5.10825
5.10815
5.10869
5.10872
5.10848
5.11133
5.10821
5.0902
5.05899
5.05253
5.05268
5.05506
5.03377
5.0332
5.00227
4.86966
4.80721
4.80368
4.79556
4.79489
4.79483
4.79588
4.79577
4.79556
5.02455
5.09253
4.86666
4.78108
4.7997
4.83948
4.78507
4.75307
4.7457
4.93885
4.95677
4.83013
4.75475
4.72877
4.72841
4.72909
4.73885
4.72828
4.73126
4.73507
4.73289
4.72831
4.729
4.72828
4.72876
4.73122
4.72828
4.7359
4.73041
4.74652
4.73535
4.72865
4.74271
4.74972
4.72855
4.73037
4.72884
4.73235
4.72937
4.72828
4.72882
4.75191
4.7471
4.73477
4.73271
4.72828
4.72828
4.73229
4.73523
4.73614
4.73653
4.70506
4.67108
4.63115
4.63577
4.63387
4.6288
4.6288
4.64155
4.62891
4.6316
4.63626
4.6288
4.6288
4.63958
4.63846
4.6343
4.63611
4.6289
4.63114
4.6339
4.6288
4.62883
4.62887
4.6288
4.6288
4.62948
4.63277
4.63174
4.63132
4.6288
4.63088
4.62902
4.63194
4.6288
4.63186
4.63074
4.62889
4.64138
4.6288
4.63233
4.62958
4.62945
4.63209
4.63354
4.62884
4.6356
4.63177
4.63333
4.65536
4.64234
4.64071
4.63598
4.63537
4.63459
