15.1948
13.0903
11.6117
10.3199
9.40074
8.74551
8.30919
8.02981
7.69502
7.31193
6.9647
6.83719
6.72293
6.58229
6.41893
6.36101
6.33568
6.17212
6.08473
6.01936
5.96526
5.81659
5.71029
5.5841
5.5222
5.50504
5.48688
5.47999
5.47943
5.45964
5.40778
5.32354
5.32916
5.31475
5.30203
5.29055
5.28288
5.28256
5.28314
5.28721
5.28843
5.28531
5.21305
5.12427
5.07361
5.06308
5.06172
5.06181
5.06439
5.06329
5.06175
5.06179
4.99463
4.74933
4.60287
4.58056
4.57539
4.54916
4.52185
4.49689
4.4924
4.49351
4.50519
4.49512
4.49288
4.49298
4.49246
4.49277
4.49711
4.49349
4.50232
4.49432
4.49903
4.49735
4.50466
4.49935
4.49395
4.49322
4.50366
4.49851
4.49787
4.49269
4.4992
4.509
4.49296
4.49246
4.51097
4.5069
4.50969
4.49282
4.4924
4.4924
4.4924
4.493
4.49957
4.49265
4.4924
4.49352
4.4924
4.4924
4.49997
4.4924
4.4924
4.4925
4.49243
4.49335
4.4924
4.4926
4.4924
4.49474
4.49281
4.49268
4.4924
4.4924
4.49514
4.50469
4.4928
4.50671
4.4968
4.49242
4.49282
4.49385
4.49356
4.51177
4.4924
4.4924
4.49412
4.49863
4.49476
4.49667
4.50239
4.49247
4.49569
4.49345
4.49241
4.4924
4.4924
4.49241
4.49428
4.49317
4.4924
4.4924
4.49248
4.49289
4.49911
4.49834
4.49336
4.4924
4.51356
4.50925
4.50235
4.49294
4.4924
4.4924
4.4924
4.49281
4.49395
4.49609
4.49251
4.4924
4.49257
4.4934
4.49435
4.4947
4.49323
4.4938
4.49326
4.49634
4.49782
4.49243
4.4924
4.4924
4.49415
4.49251
4.49266
4.50067
4.49851
4.5023
4.50519
4.49421
4.4924
4.4924
4.49382
4.49292
4.4924
4.49248
4.49637
4.50442
4.49964
4.49786
4.51327
4.51844
4.49243
4.49265
4.50148
4.49434
4.4924
4.4924
4.49251
4.50163
4.50278
4.4929
