15.2575
13.4041
11.6232
10.0615
8.96424
8.43351
7.90011
7.49283
7.21625
6.97599
6.84322
6.62211
6.4633
6.3936
6.36836
6.25351
6.05067
6.00582
5.96125
5.74968
5.57698
5.50299
5.41561
5.28805
5.23633
5.22053
5.20366
5.19725
5.21499
5.20002
5.19699
5.19688
5.18022
5.15728
5.15235
5.13774
5.11912
5.11358
5.11008
5.10997
5.1074
5.01542
4.86496
4.75587
4.60623
4.59428
4.5724
4.57695
4.57361
4.57518
4.57246
4.57863
5.02082
4.81568
4.64276
4.59767
4.58452
4.557
4.51328
4.4978
4.49513
4.49268
4.49528
4.49643
4.49331
4.49242
4.4924
4.4996
4.49293
4.49386
4.4924
4.49254
4.50253
4.4924
4.49268
4.4925
4.4991
4.49458
4.49544
4.49595
4.49302
4.4924
4.4924
4.4943
4.49344
4.49296
4.50595
4.49256
4.49377
4.49738
4.4962
4.49943
4.4924
4.4924
4.49386
4.4924
4.4924
4.49383
4.50529
4.49617
4.49436
4.49683
4.4924
4.4924
4.49364
4.4924
4.4924
4.4924
4.49285
4.49344
4.49732
4.49559
4.49246
4.49287
4.49795
4.49917
4.49423
4.49326
4.49246
4.49643
4.49637
4.4924
4.4924
4.49555
4.49546
4.49774
4.49679
4.49852
4.49315
4.49457
4.4924
4.4966
4.49247
4.4924
4.49304
4.49248
4.50832
4.49399
4.49639
4.4924
4.49241
4.4941
4.4924
4.49264
4.50006
4.49541
4.4928
4.5037
4.5037
4.4924
4.4924
4.49602
4.4924
4.4924
4.4941
4.4924
4.4924
4.4924
4.4924
4.4924
4.4924
4.4924
4.4924
4.4924
4.49435
4.49584
4.4924
4.49245
4.49292
4.49246
4.4924
4.49305
4.4924
4.49462
4.49245
4.49294
4.4924
4.4924
4.49258
4.4924
4.49347
4.49453
4.50357
4.49661
4.49443
4.49603
4.50305
4.49314
4.4924
4.49303
4.49477
4.49424
4.49308
4.49508
4.49259
4.49309
4.50053
4.49428
4.49883
4.49748
4.4924
4.49251
