15.2487
13.2098
11.485
10.2677
9.23118
8.76696
8.39411
8.09163
7.81624
7.517
7.34158
7.23709
7.07825
6.91592
6.76156
6.7221
6.61868
6.64579
6.75586
6.68244
6.50751
6.32507
6.37632
6.35123
6.33858
6.29622
6.33991
6.42718
6.24429
6.12458
6.09629
6.09734
5.98376
5.83504
5.7668
5.69345
5.68595
5.67648
5.67648
5.67859
5.67884
5.67707
5.67708
5.6766
5.68017
5.6573
5.65035
5.6559
5.65072
5.65037
5.65033
5.64663
5.02815
4.85592
4.62242
4.55637
4.51144
4.49588
4.4924
4.49424
4.4924
4.49558
4.49252
4.49306
4.50063
4.49303
4.4924
4.50137
4.49245
4.49867
4.4924
4.49274
4.50862
4.49427
4.49255
4.49726
4.49763
4.4924
4.49325
4.4945
4.49279
4.49384
4.4924
4.49642
4.49499
4.49364
4.49368
4.49976
4.49268
4.49254
4.49753
4.49308
4.49268
4.49242
4.4924
4.49253
4.49281
4.4924
4.4924
4.49777
4.50424
4.4924
4.4924
4.49249
4.4954
4.4924
4.49837
4.50664
4.51056
4.50614
4.49449
4.4924
4.49263
4.4924
4.49662
4.4925
4.4924
4.49412
4.49455
4.49247
4.49319
4.49326
4.49483
4.49467
4.4924
4.4924
4.4947
4.4924
4.49276
4.49485
4.4924
4.49278
4.4924
4.49328
4.49501
4.50559
4.50353
4.4935
4.4925
4.49459
4.49385
4.49591
4.49869
4.50366
4.50119
4.4984
4.49776
4.49279
4.50566
4.49356
4.51029
4.50468
4.4924
4.4924
4.4932
4.49276
4.49321
4.49348
4.49264
4.4924
4.50583
4.50319
4.4924
4.4924
4.49266
4.49809
4.50485
4.4924
4.49403
4.4924
4.49241
4.4927
4.49437
4.4924
4.4924
4.4924
4.49286
4.49311
4.4924
4.4924
4.4929
4.4924
4.49624
4.49273
4.4924
4.49246
4.4924
4.50002
4.49389
4.50176
4.4924
4.4924
4.49258
4.49246
4.4924
4.4924
4.49257
4.49632
4.49269
4.4924
4.49557
4.49246
