12.3323
11.323
9.71259
8.84314
8.48475
8.13429
7.7759
7.41719
7.24315
7.20457
7.0269
6.97278
6.75686
6.75126
6.60641
6.53261
6.52161
6.51448
6.43665
6.28428
6.28428
6.28366
6.28366
6.28366
6.28366
6.27327
6.13096
6.09562
6.09562
6.09562
5.92903
5.76271
5.70778
5.67648
5.67648
5.67648
5.67648
5.67648
5.67648
5.67648
5.67648
5.67648
5.67648
5.65035
5.65035
5.65035
5.65035
5.65035
5.65035
5.65035
5.63919
5.63195
4.57199
4.57199
4.4924
4.4924
4.4924
4.4924
4.4924
4.4924
4.4924
4.4924
4.4924
4.4924
4.4924
4.4924
4.4924
4.4924
4.4924
4.4924
4.4924
4.4924
4.4924
4.4924
4.4924
4.4924
4.4924
4.4924
4.4924
4.4924
4.4924
4.4924
4.4924
4.4924
4.4924
4.4924
4.4924
4.4924
4.4924
4.4924
4.4924
4.4924
4.4924
4.4924
4.4924
4.4924
4.4924
4.4924
4.4924
4.4924
4.4924
4.4924
4.4924
4.4924
4.4924
4.4924
4.4924
4.4924
4.4924
4.4924
4.4924
4.4924
4.4924
4.4924
4.4924
4.4924
4.4924
4.4924
4.4924
4.4924
4.4924
4.4924
4.4924
4.4924
4.4924
4.4924
4.4924
4.4924
4.4924
4.4924
4.4924
4.4924
4.4924
4.4924
4.4924
4.4924
4.4924
4.4924
4.4924
4.4924
4.4924
4.4924
4.4924
4.4924
4.4924
4.4924
4.4924
4.4924
4.4924
4.4924
4.4924
4.4924
4.4924
4.4924
4.4924
4.4924
4.4924
4.4924
4.4924
4.4924
4.4924
4.4924
4.4924
4.4924
4.4924
4.4924
4.4924
4.4924
4.4924
4.4924
4.4924
4.4924
4.4924
4.4924
4.4924
4.4924
4.4924
4.4924
4.4924
4.4924
4.4924
4.4924
4.4924
4.4924
4.4924
4.4924
4.4924
4.4924
4.4924
4.4924
4.4924
4.4924
4.4924
4.4924
4.4924
4.4924
4.4924
4.4924
4.4924
4.4924
4.4924
4.4924
