12.6405
11.052
9.05298
8.56322
7.91995
7.60189
7.17616
6.89954
6.89954
6.77416
6.48122
6.38088
6.37475
6.35458
6.10151
5.91232
5.87606
5.75248
5.48582
5.48582
5.48582
5.24771
5.23023
5.23023
5.19699
5.19699
5.19699
5.19699
5.19699
5.19699
5.19699
5.14706
5.14706
5.14706
5.10921
5.10921
5.10921
5.10921
5.10921
5.10921
4.83314
4.83314
4.57199
4.57199
4.57199
4.57199
4.57199
4.57199
4.57199
4.57199
4.57199
4.57199
4.57199
4.57199
4.57199
4.57199
4.4924
4.4924
4.4924
4.4924
4.4924
4.4924
4.4924
4.4924
4.4924
4.4924
4.4924
4.4924
4.4924
4.4924
4.4924
4.4924
4.4924
4.4924
4.4924
4.4924
4.4924
4.4924
4.4924
4.4924
4.4924
4.4924
4.4924
4.4924
4.4924
4.4924
4.4924
4.4924
4.4924
4.4924
4.4924
4.4924
4.4924
4.4924
4.4924
4.4924
4.4924
4.4924
4.4924
4.4924
4.4924
4.4924
4.4924
4.4924
4.4924
4.4924
4.4924
4.4924
4.4924
4.4924
4.4924
4.4924
4.4924
4.4924
4.4924
4.4924
4.4924
4.4924
4.4924
4.4924
4.4924
4.4924
4.4924
4.4924
4.4924
4.4924
4.4924
4.4924
4.4924
4.4924
4.4924
4.4924
4.4924
4.4924
4.4924
4.4924
4.4924
4.4924
4.4924
4.4924
4.4924
4.4924
4.4924
4.4924
4.4924
4.4924
4.4924
4.4924
4.4924
4.4924
4.4924
4.4924
4.4924
4.4924
4.4924
4.4924
4.4924
4.4924
4.4924
4.4924
4.4924
4.4924
4.4924
4.4924
4.4924
4.4924
4.4924
4.4924
4.4924
4.4924
4.4924
4.4924
4.4924
4.4924
4.4924
4.4924
4.4924
4.4924
4.4924
4.4924
4.4924
4.4924
4.4924
4.4924
4.4924
4.4924
4.4924
4.4924
4.4924
4.4924
4.4924
4.4924
4.4924
4.4924
4.4924
4.4924
4.4924
4.4924
4.4924
4.4924
4.4924
4.4924
