11.6448
10.0006
9.8919
8.90012
8.48855
8.05336
7.77554
7.57652
7.33482
7.31953
7.16484
7.05786
6.71387
6.18642
6.13354
5.91879
5.91319
5.77625
5.75718
5.68847
5.68288
5.68288
5.61225
5.59632
5.57875
5.54808
5.54808
5.54808
5.54808
5.45325
5.45325
5.45325
5.45325
5.45325
5.39474
5.39474
5.06775
5.06775
5.06775
5.06775
5.06775
5.06775
5.06775
5.06775
5.06775
5.06775
5.06775
5.02903
5.02903
5.02903
5.0272
5.0272
4.57199
4.57199
4.57199
4.57199
4.57199
4.4924
4.4924
4.4924
4.4924
4.4924
4.4924
4.4924
4.4924
4.4924
4.4924
4.4924
4.4924
4.4924
4.4924
4.4924
4.4924
4.4924
4.4924
4.4924
4.4924
4.4924
4.4924
4.4924
4.4924
4.4924
4.4924
4.4924
4.4924
4.4924
4.4924
4.4924
4.4924
4.4924
4.4924
4.4924
4.4924
4.4924
4.4924
4.4924
4.4924
4.4924
4.4924
4.4924
4.4924
4.4924
4.4924
4.4924
4.4924
4.4924
4.4924
4.4924
4.4924
4.4924
4.4924
4.4924
4.4924
4.4924
4.4924
4.4924
4.4924
4.4924
4.4924
4.4924
4.4924
4.4924
4.4924
4.4924
4.4924
4.4924
4.4924
4.4924
4.4924
4.4924
4.4924
4.4924
4.4924
4.4924
4.4924
4.4924
4.4924
4.4924
4.4924
4.4924
4.4924
4.4924
4.4924
4.4924
4.4924
4.4924
4.4924
4.4924
4.4924
4.4924
4.4924
4.4924
4.4924
4.4924
4.4924
4.4924
4.4924
4.4924
4.4924
4.4924
4.4924
4.4924
4.4924
4.4924
4.4924
4.4924
4.4924
4.4924
4.4924
4.4924
4.4924
4.4924
4.4924
4.4924
4.4924
4.4924
4.4924
4.4924
4.4924
4.4924
4.4924
4.4924
4.4924
4.4924
4.4924
4.4924
4.4924
4.4924
4.4924
4.4924
4.4924
4.4924
4.4924
4.4924
4.4924
4.4924
4.4924
4.4924
4.4924
4.4924
4.4924
4.4924
