15.1364
12.4804
11.5109
10.3512
9.49243
8.74856
8.33269
8.07134
7.82881
7.60625
7.45542
7.28634
7.14329
6.94315
6.56766
6.26731
6.0895
5.95555
5.88715
5.83062
5.75798
5.71612
5.69327
5.86917
5.99031
5.83364
5.60336
5.55037
5.54932
5.54963
5.52226
5.48719
5.46086
5.45328
5.45525
5.44409
5.42396
5.32398
5.14224
5.06908
5.06786
5.07666
5.07517
5.07469
5.0828
5.06776
5.07234
5.06806
5.09066
5.04962
5.02908
5.03947
5.01955
4.80868
4.62999
4.59508
4.58221
4.57187
4.55729
4.52192
4.49478
4.49371
4.4924
4.49252
4.49306
4.50565
4.50754
4.49675
4.50704
4.5126
4.49334
4.49341
4.4924
4.49352
4.49314
4.49392
4.49338
4.49335
4.49797
4.49365
4.49249
4.4924
4.49247
4.49444
4.49551
4.4924
4.49448
4.49244
4.4924
4.4924
4.49991
4.49249
4.49242
4.49242
4.49537
4.49242
4.4924
4.49892
4.49311
4.4932
4.49803
4.49326
4.4924
4.49265
4.49292
4.4924
4.4924
4.4924
4.49378
4.50006
4.4924
4.4924
4.49367
4.50051
4.49351
4.49891
4.49952
4.49976
4.49281
4.49265
4.4924
4.49468
4.50179
4.4924
4.49642
4.49402
4.51111
4.49355
4.4924
4.50363
4.50402
4.49342
4.49416
4.49353
4.4942
4.49338
4.4924
4.49519
4.51069
4.50073
4.50444
4.49468
4.4924
4.4924
4.49645
4.50168
4.50935
4.5084
4.49303
4.49531
4.4924
4.49307
4.4924
4.4924
4.4924
4.50152
4.49278
4.49364
4.49444
4.49247
4.4924
4.49445
4.49654
4.49398
4.50153
4.49291
4.49363
4.49648
4.4924
4.4924
4.49244
4.4924
4.4924
4.49397
4.49991
4.49338
4.49261
4.4925
4.49563
4.4926
4.49457
4.4924
4.49959
4.49656
4.4924
4.50492
4.4924
4.49332
4.49247
4.49361
4.49459
4.49352
4.4924
4.49893
4.49311
4.49735
4.52779
4.5026
4.50357
4.49789
4.49762
4.49686
