12.143
10.4481
9.80734
8.71135
8.28239
8.10162
7.85252
7.49465
6.92461
6.8547
6.75366
6.61211
6.3835
6.35458
6.27577
6.18226
6.04439
5.97443
5.96884
5.83099
5.7297
5.54803
5.52142
5.51323
5.47999
5.47999
5.47999
5.47999
5.38295
5.28635
5.28635
5.28593
5.28256
5.28256
5.28256
5.28256
5.28256
5.28256
5.28256
5.28256
5.28256
5.07428
5.0688
5.06169
5.06169
5.06169
5.06169
5.06169
5.06169
5.06169
5.06169
5.06169
4.57199
4.57199
4.57199
4.57199
4.4924
4.4924
4.4924
4.4924
4.4924
4.4924
4.4924
4.4924
4.4924
4.4924
4.4924
4.4924
4.4924
4.4924
4.4924
4.4924
4.4924
4.4924
4.4924
4.4924
4.4924
4.4924
4.4924
4.4924
4.4924
4.4924
4.4924
4.4924
4.4924
4.4924
4.4924
4.4924
4.4924
4.4924
4.4924
4.4924
4.4924
4.4924
4.4924
4.4924
4.4924
4.4924
4.4924
4.4924
4.4924
4.4924
4.4924
4.4924
4.4924
4.4924
4.4924
4.4924
4.4924
4.4924
4.4924
4.4924
4.4924
4.4924
4.4924
4.4924
4.4924
4.4924
4.4924
4.4924
4.4924
4.4924
4.4924
4.4924
4.4924
4.4924
4.4924
4.4924
4.4924
4.4924
4.4924
4.4924
4.4924
4.4924
4.4924
4.4924
4.4924
4.4924
4.4924
4.4924
4.4924
4.4924
4.4924
4.4924
4.4924
4.4924
4.4924
4.4924
4.4924
4.4924
4.4924
4.4924
4.4924
4.4924
4.4924
4.4924
4.4924
4.4924
4.4924
4.4924
4.4924
4.4924
4.4924
4.4924
4.4924
4.4924
4.4924
4.4924
4.4924
4.4924
4.4924
4.4924
4.4924
4.4924
4.4924
4.4924
4.4924
4.4924
4.4924
4.4924
4.4924
4.4924
4.4924
4.4924
4.4924
4.4924
4.4924
4.4924
4.4924
4.4924
4.4924
4.4924
4.4924
4.4924
4.4924
4.4924
4.4924
4.4924
4.4924
4.4924
4.4924
4.4924
