              1   -3.55271e-13   -3.55271e-13              0
              2   -3.55271e-13   -3.55271e-13              0
              3   -3.55271e-13   -3.55271e-13              0
              4   -3.55271e-13   -3.55271e-13              0
              5   -3.55271e-13   -3.55271e-13              0
              6   -3.55271e-13   -3.55271e-13              0
              7   -3.55271e-13   -3.55271e-13              0
              8   -3.55271e-13   -3.55271e-13              0
              9   -3.55271e-13   -3.55271e-13              0
             10   -3.55271e-13   -3.55271e-13              0
             11   -3.55271e-13   -3.55271e-13              0
             12   -3.55271e-13   -3.55271e-13              0
             13   -3.55271e-13   -3.55271e-13              0
             14   -3.55271e-13   -3.55271e-13              0
             15   -3.55271e-13   -3.55271e-13              0
             16   -3.55271e-13   -3.55271e-13              0
             17   -3.55271e-13   -3.55271e-13              0
             18   -3.55271e-13   -3.55271e-13              0
             19   -3.55271e-13   -3.55271e-13              0
             20   -3.55271e-13   -3.55271e-13              0
             21   -3.55271e-13   -3.55271e-13              0
             22   -3.55271e-13   -3.55271e-13              0
             23   -3.55271e-13   -3.55271e-13              0
             24   -3.55271e-13   -3.55271e-13              0
             25   -3.55271e-13   -3.55271e-13              0
             26   -3.55271e-13   -3.55271e-13              0
             27   -3.55271e-13   -3.55271e-13              0
             28   -3.55271e-13   -3.55271e-13              0
             29   -3.55271e-13   -3.55271e-13              0
             30   -3.55271e-13   -3.55271e-13              0
             31   -3.55271e-13   -3.55271e-13              0
             32   -3.55271e-13   -3.55271e-13              0
             33   -3.55271e-13   -3.55271e-13              0
             34   -3.55271e-13   -3.55271e-13              0
             35   -3.55271e-13   -3.55271e-13              0
             36   -3.55271e-13   -3.55271e-13              0
             37   -3.55271e-13   -3.55271e-13              0
             38   -3.55271e-13   -3.55271e-13              0
             39   -3.55271e-13   -3.55271e-13              0
             40   -3.55271e-13   -3.55271e-13              0
             41   -3.55271e-13   -3.55271e-13              0
             42   -3.55271e-13   -3.55271e-13              0
             43   -3.55271e-13   -3.55271e-13              0
             44   -3.55271e-13   -3.55271e-13              0
             45   -3.55271e-13   -3.55271e-13              0
             46   -3.55271e-13   -3.55271e-13              0
             47   -3.55271e-13   -3.55271e-13              0
             48   -3.55271e-13   -3.55271e-13              0
             49   -3.55271e-13   -3.55271e-13              0
             50   -3.55271e-13   -3.55271e-13              0
             51   -3.55271e-13   -3.55271e-13              0
             52   -3.55271e-13   -3.55271e-13              0
             53   -3.55271e-13   -3.55271e-13              0
             54   -3.55271e-13   -3.55271e-13              0
             55   -3.55271e-13   -3.55271e-13              0
             56   -3.55271e-13   -3.55271e-13              0
             57   -3.55271e-13   -3.55271e-13              0
             58   -3.55271e-13   -3.55271e-13              0
             59   -3.55271e-13   -3.55271e-13              0
             60   -3.55271e-13   -3.55271e-13              0
             61   -3.55271e-13   -3.55271e-13              0
             62   -3.55271e-13   -3.55271e-13              0
             63   -3.55271e-13   -3.55271e-13              0
             64   -3.55271e-13   -3.55271e-13              0
             65   -3.55271e-13   -3.55271e-13              0
             66   -3.55271e-13   -3.55271e-13              0
             67   -3.55271e-13   -3.55271e-13              0
             68   -3.55271e-13   -3.55271e-13              0
             69   -3.55271e-13   -3.55271e-13              0
             70   -3.55271e-13   -3.55271e-13              0
             71   -3.55271e-13   -3.55271e-13              0
             72   -3.55271e-13   -3.55271e-13              0
             73   -3.55271e-13   -3.55271e-13              0
             74   -3.55271e-13   -3.55271e-13              0
             75   -3.55271e-13   -3.55271e-13              0
             76   -3.55271e-13   -3.55271e-13              0
             77   -3.55271e-13   -3.55271e-13              0
             78   -3.55271e-13   -3.55271e-13              0
             79   -3.55271e-13   -3.55271e-13              0
             80   -3.55271e-13   -3.55271e-13              0
             81   -3.55271e-13   -3.55271e-13              0
             82   -3.55271e-13   -3.55271e-13              0
             83   -3.55271e-13   -3.55271e-13              0
             84   -3.55271e-13   -3.55271e-13              0
             85   -3.55271e-13   -3.55271e-13              0
             86   -3.55271e-13   -3.55271e-13              0
             87   -3.55271e-13   -3.55271e-13              0
             88   -3.55271e-13   -3.55271e-13              0
             89   -3.55271e-13   -3.55271e-13              0
             90   -3.55271e-13   -3.55271e-13              0
             91   -3.55271e-13   -3.55271e-13              0
             92   -3.55271e-13   -3.55271e-13              0
             93   -3.55271e-13   -3.55271e-13              0
             94   -3.55271e-13   -3.55271e-13              0
             95   -3.55271e-13   -3.55271e-13              0
             96   -3.55271e-13   -3.55271e-13              0
             97   -3.55271e-13   -3.55271e-13              0
             98   -3.55271e-13   -3.55271e-13              0
             99   -3.55271e-13   -3.55271e-13              0
            100   -3.55271e-13   -3.55271e-13              0
            101   -3.55271e-13   -3.55271e-13              0
            102   -3.55271e-13   -3.55271e-13              0
            103   -3.55271e-13   -3.55271e-13              0
            104   -3.55271e-13   -3.55271e-13              0
            105   -3.55271e-13   -3.55271e-13              0
            106   -3.55271e-13   -3.55271e-13              0
            107   -3.55271e-13   -3.55271e-13              0
            108   -3.55271e-13   -3.55271e-13              0
            109   -3.55271e-13   -3.55271e-13              0
            110   -3.55271e-13   -3.55271e-13              0
            111   -3.55271e-13   -3.55271e-13              0
            112   -3.55271e-13   -3.55271e-13              0
            113   -3.55271e-13   -3.55271e-13              0
            114   -3.55271e-13   -3.55271e-13              0
            115   -3.55271e-13   -3.55271e-13              0
            116   -3.55271e-13   -3.55271e-13              0
            117   -3.55271e-13   -3.55271e-13              0
            118   -3.55271e-13   -3.55271e-13              0
            119   -3.55271e-13   -3.55271e-13              0
            120   -3.55271e-13   -3.55271e-13              0
            121   -3.55271e-13   -3.55271e-13              0
            122   -3.55271e-13   -3.55271e-13              0
            123   -3.55271e-13   -3.55271e-13              0
            124   -3.55271e-13   -3.55271e-13              0
            125   -3.55271e-13   -3.55271e-13              0
            126   -3.55271e-13   -3.55271e-13              0
            127   -3.55271e-13   -3.55271e-13              0
            128   -3.55271e-13   -3.55271e-13              0
            129   -3.55271e-13   -3.55271e-13              0
            130   -3.55271e-13   -3.55271e-13              0
            131   -3.55271e-13   -3.55271e-13              0
            132   -3.55271e-13   -3.55271e-13              0
            133   -3.55271e-13   -3.55271e-13              0
            134   -3.55271e-13   -3.55271e-13              0
            135   -3.55271e-13   -3.55271e-13              0
            136   -3.55271e-13   -3.55271e-13              0
            137   -3.55271e-13   -3.55271e-13              0
            138   -3.55271e-13   -3.55271e-13              0
            139   -3.55271e-13   -3.55271e-13              0
            140   -3.55271e-13   -3.55271e-13              0
            141   -3.55271e-13   -3.55271e-13              0
            142   -3.55271e-13   -3.55271e-13              0
            143   -3.55271e-13   -3.55271e-13              0
            144   -3.55271e-13   -3.55271e-13              0
            145   -3.55271e-13   -3.55271e-13              0
            146   -3.55271e-13   -3.55271e-13              0
            147   -3.55271e-13   -3.55271e-13              0
            148   -3.55271e-13   -3.55271e-13              0
            149   -3.55271e-13   -3.55271e-13              0
            150   -3.55271e-13   -3.55271e-13              0
            151   -3.55271e-13   -3.55271e-13              0
            152   -3.55271e-13   -3.55271e-13              0
            153   -3.55271e-13   -3.55271e-13              0
            154   -3.55271e-13   -3.55271e-13              0
            155   -3.55271e-13   -3.55271e-13              0
            156   -3.55271e-13   -3.55271e-13              0
            157   -3.55271e-13   -3.55271e-13              0
            158   -3.55271e-13   -3.55271e-13              0
            159   -3.55271e-13   -3.55271e-13              0
            160   -3.55271e-13   -3.55271e-13              0
            161   -3.55271e-13   -3.55271e-13              0
            162   -3.55271e-13   -3.55271e-13              0
            163   -3.55271e-13   -3.55271e-13              0
            164   -3.55271e-13   -3.55271e-13              0
            165   -3.55271e-13   -3.55271e-13              0
            166   -3.55271e-13   -3.55271e-13              0
            167   -3.55271e-13   -3.55271e-13              0
            168   -3.55271e-13   -3.55271e-13              0
            169   -3.55271e-13   -3.55271e-13              0
            170   -3.55271e-13   -3.55271e-13              0
            171   -3.55271e-13   -3.55271e-13              0
            172   -3.55271e-13   -3.55271e-13              0
            173   -3.55271e-13   -3.55271e-13              0
            174   -3.55271e-13   -3.55271e-13              0
            175   -3.55271e-13   -3.55271e-13              0
            176   -3.55271e-13   -3.55271e-13              0
            177   -3.55271e-13   -3.55271e-13              0
            178   -3.55271e-13   -3.55271e-13              0
            179   -3.55271e-13   -3.55271e-13              0
            180   -3.55271e-13   -3.55271e-13              0
            181   -3.55271e-13   -3.55271e-13              0
            182   -3.55271e-13   -3.55271e-13              0
            183   -3.55271e-13   -3.55271e-13              0
            184   -3.55271e-13   -3.55271e-13              0
            185   -3.55271e-13   -3.55271e-13              0
            186   -3.55271e-13   -3.55271e-13              0
            187   -3.55271e-13   -3.55271e-13              0
            188   -3.55271e-13   -3.55271e-13              0
            189   -3.55271e-13   -3.55271e-13              0
            190   -3.55271e-13   -3.55271e-13              0
            191   -3.55271e-13   -3.55271e-13              0
            192   -3.55271e-13   -3.55271e-13              0
            193   -3.55271e-13   -3.55271e-13              0
            194   -3.55271e-13   -3.55271e-13              0
            195   -3.55271e-13   -3.55271e-13              0
            196   -3.55271e-13   -3.55271e-13              0
            197   -3.55271e-13   -3.55271e-13              0
            198   -3.55271e-13   -3.55271e-13              0
            199   -3.55271e-13   -3.55271e-13              0
            200   -3.55271e-13   -3.55271e-13              0
