              1            250            250              0
              2            250            250              0
              3            250            250              0
              4            250            250              0
              5            250            250              0
              6            250            250              0
              7            250            250              0
              8            250            250              0
              9            250            250              0
             10            250            250              0
             11            250            250              0
             12            250            250              0
             13            250            250              0
             14            250            250              0
             15            250            250              0
             16            250            250              0
             17            250            250              0
             18            250            250              0
             19            250            250              0
             20            250            250              0
             21            250            250              0
             22            250            250              0
             23            250            250              0
             24            250            250              0
             25            250            250              0
             26            250            250              0
             27            250            250              0
             28            250            250              0
             29            250            250              0
             30            250            250              0
             31            250            250              0
             32            250            250              0
             33            250            250              0
             34            250            250              0
             35            250            250              0
             36            250            250              0
             37            250            250              0
             38            250            250              0
             39            250            250              0
             40            250            250              0
             41            250            250              0
             42            250            250              0
             43            250            250              0
             44            250            250              0
             45            250            250              0
             46            250            250              0
             47            250            250              0
             48            250            250              0
             49            250            250              0
             50            250            250              0
             51            250            250              0
             52            250            250              0
             53            250            250              0
             54            250            250              0
             55            250            250              0
             56            250            250              0
             57            250            250              0
             58            250            250              0
             59            250            250              0
             60            250            250              0
             61            250            250              0
             62            250            250              0
             63            250            250              0
             64            250            250              0
             65            250            250              0
             66            250            250              0
             67            250            250              0
             68            250            250              0
             69            250            250              0
             70            250            250              0
             71            250            250              0
             72            250            250              0
             73            250            250              0
             74            250            250              0
             75            250            250              0
             76            250            250              0
             77            250            250              0
             78            250            250              0
             79            250            250              0
             80            250            250              0
             81            250            250              0
             82            250            250              0
             83            250            250              0
             84            250            250              0
             85            250            250              0
             86            250            250              0
             87            250            250              0
             88            250            250              0
             89            250            250              0
             90            250            250              0
             91            250            250              0
             92            250            250              0
             93            250            250              0
             94            250            250              0
             95            250            250              0
             96            250            250              0
             97            250            250              0
             98            250            250              0
             99            250            250              0
            100            250            250              0
            101            250            250              0
            102            250            250              0
            103            250            250              0
            104            250            250              0
            105            250            250              0
            106            250            250              0
            107            250            250              0
            108            250            250              0
            109            250            250              0
            110            250            250              0
            111            250            250              0
            112            250            250              0
            113            250            250              0
            114            250            250              0
            115            250            250              0
            116            250            250              0
            117            250            250              0
            118            250            250              0
            119            250            250              0
            120            250            250              0
            121            250            250              0
            122            250            250              0
            123            250            250              0
            124            250            250              0
            125            250            250              0
            126            250            250              0
            127            250            250              0
            128            250            250              0
            129            250            250              0
            130            250            250              0
            131            250            250              0
            132            250            250              0
            133            250            250              0
            134            250            250              0
            135            250            250              0
            136            250            250              0
            137            250            250              0
            138            250            250              0
            139            250            250              0
            140            250            250              0
            141            250            250              0
            142            250            250              0
            143            250            250              0
            144            250            250              0
            145            250            250              0
            146            250            250              0
            147            250            250              0
            148            250            250              0
            149            250            250              0
            150            250            250              0
            151            250            250              0
            152            250            250              0
            153            250            250              0
            154            250            250              0
            155            250            250              0
            156            250            250              0
            157            250            250              0
            158            250            250              0
            159            250            250              0
            160            250            250              0
            161            250            250              0
            162            250            250              0
            163            250            250              0
            164            250            250              0
            165            250            250              0
            166            250            250              0
            167            250            250              0
            168            250            250              0
            169            250            250              0
            170            250            250              0
            171            250            250              0
            172            250            250              0
            173            250            250              0
            174            250            250              0
            175            250            250              0
            176            250            250              0
            177            250            250              0
            178            250            250              0
            179            250            250              0
            180            250            250              0
            181            250            250              0
            182            250            250              0
            183            250            250              0
            184            250            250              0
            185            250            250              0
            186            250            250              0
            187            250            250              0
            188            250            250              0
            189            250            250              0
            190            250            250              0
            191            250            250              0
            192            250            250              0
            193            250            250              0
            194            250            250              0
            195            250            250              0
            196            250            250              0
            197            250            250              0
            198            250            250              0
            199            250            250              0
            200            250            250              0
