              1          -1.02          -1.02              0
              2          -1.02          -1.02              0
              3          -1.02          -1.02              0
              4          -1.02          -1.02              0
              5          -1.02          -1.02              0
              6          -1.02          -1.02           -nan
              7          -1.02          -1.02           -nan
              8          -1.02          -1.02           -nan
              9          -1.02          -1.02           -nan
             10          -1.02          -1.02    4.96705e-09
             11          -1.02          -1.02    4.71216e-09
             12          -1.02          -1.02    4.49287e-09
             13          -1.02          -1.02    4.30159e-09
             14          -1.02          -1.02    4.13284e-09
             15          -1.02          -1.02     3.9825e-09
             16          -1.02          -1.02    3.84746e-09
             17          -1.02          -1.02    3.72529e-09
             18          -1.02          -1.02    5.11106e-09
             19          -1.02          -1.02    4.96705e-09
             20          -1.02          -1.02    4.83458e-09
             21          -1.02          -1.02    5.77119e-09
             22          -1.02          -1.02    7.27102e-09
             23          -1.02          -1.02    7.10385e-09
             24          -1.02          -1.02     6.9477e-09
             25          -1.02          -1.02    7.45058e-09
             26          -1.02          -1.02    7.30005e-09
             27          -1.02          -1.02    7.15829e-09
             28          -1.02          -1.02    7.02447e-09
             29          -1.02          -1.02     6.8979e-09
             30          -1.02          -1.02    6.77792e-09
             31          -1.02          -1.02      6.664e-09
             32          -1.02          -1.02    6.55564e-09
             33          -1.02          -1.02    6.45239e-09
             34          -1.02          -1.02    4.49287e-09
             35          -1.02          -1.02     4.4263e-09
             36          -1.02          -1.02    2.51876e-09
             37          -1.02          -1.02              0
             38          -1.02          -1.02              0
             39          -1.02          -1.02           -nan
             40          -1.02          -1.02           -nan
             41          -1.02          -1.02           -nan
             42          -1.02          -1.02           -nan
             43          -1.02          -1.02           -nan
             44          -1.02          -1.02           -nan
             45          -1.02          -1.02           -nan
             46          -1.02          -1.02           -nan
             47          -1.02          -1.02           -nan
             48          -1.02          -1.02           -nan
             49          -1.02          -1.02           -nan
             50          -1.02          -1.02           -nan
             51          -1.02          -1.02           -nan
             52          -1.02          -1.02           -nan
             53          -1.02          -1.02           -nan
             54          -1.02          -1.02           -nan
             55          -1.02          -1.02           -nan
             56          -1.02          -1.02           -nan
             57          -1.02          -1.02           -nan
             58          -1.02          -1.02           -nan
             59          -1.02          -1.02           -nan
             60          -1.02          -1.02           -nan
             61          -1.02          -1.02           -nan
             62          -1.02          -1.02           -nan
             63          -1.02          -1.02           -nan
             64          -1.02          -1.02           -nan
             65          -1.02          -1.02           -nan
             66          -1.02          -1.02           -nan
             67          -1.02          -1.02           -nan
             68          -1.02          -1.02           -nan
             69          -1.02          -1.02           -nan
             70          -1.02          -1.02           -nan
             71          -1.02          -1.02           -nan
             72          -1.02          -1.02           -nan
             73          -1.02          -1.02           -nan
             74          -1.02          -1.02           -nan
             75          -1.02          -1.02           -nan
             76          -1.02          -1.02           -nan
             77          -1.02          -1.02           -nan
             78          -1.02          -1.02           -nan
             79          -1.02          -1.02     2.3861e-09
             80          -1.02          -1.02    2.37095e-09
             81          -1.02          -1.02    2.35608e-09
             82          -1.02          -1.02    2.34149e-09
             83          -1.02          -1.02    2.85019e-09
             84          -1.02          -1.02    3.65735e-09
             85          -1.02          -1.02    3.63551e-09
             86          -1.02          -1.02    3.61406e-09
             87          -1.02          -1.02    3.93592e-09
             88          -1.02          -1.02    4.51862e-09
             89          -1.02          -1.02    4.49287e-09
             90          -1.02          -1.02    4.46756e-09
             91          -1.02          -1.02    4.44267e-09
             92          -1.02          -1.02     4.6862e-09
             93          -1.02          -1.02    4.66066e-09
             94          -1.02          -1.02    5.12478e-09
             95          -1.02          -1.02    5.09744e-09
             96          -1.02          -1.02    5.07055e-09
             97          -1.02          -1.02    5.26836e-09
             98          -1.02          -1.02    5.24113e-09
             99          -1.02          -1.02    5.21432e-09
            100          -1.02          -1.02    5.60359e-09
            101          -1.02          -1.02     5.5755e-09
            102          -1.02          -1.02    5.54783e-09
            103          -1.02          -1.02    5.52057e-09
            104          -1.02          -1.02    5.68653e-09
            105          -1.02          -1.02    5.65912e-09
            106          -1.02          -1.02    5.99584e-09
            107          -1.02          -1.02    5.96749e-09
            108          -1.02          -1.02    5.93954e-09
            109          -1.02          -1.02    5.91198e-09
            110          -1.02          -1.02    5.88479e-09
            111          -1.02          -1.02    6.02782e-09
            112          -1.02          -1.02     6.0006e-09
            113          -1.02          -1.02    5.97375e-09
            114          -1.02          -1.02    6.26897e-09
            115          -1.02          -1.02    6.24141e-09
            116          -1.02          -1.02    6.21421e-09
            117          -1.02          -1.02    6.18737e-09
            118          -1.02          -1.02    6.16087e-09
            119          -1.02          -1.02    6.28621e-09
            120          -1.02          -1.02    6.25974e-09
            121          -1.02          -1.02     6.2336e-09
            122          -1.02          -1.02    6.20779e-09
            123          -1.02          -1.02       6.47e-09
            124          -1.02          -1.02    6.44364e-09
            125          -1.02          -1.02    6.41761e-09
            126          -1.02          -1.02    6.39189e-09
            127          -1.02          -1.02    6.08337e-09
            128          -1.02          -1.02    6.05938e-09
            129          -1.02          -1.02    6.03566e-09
            130          -1.02          -1.02    5.71876e-09
            131          -1.02          -1.02    5.69672e-09
            132          -1.02          -1.02    5.36796e-09
            133          -1.02          -1.02    5.34758e-09
            134          -1.02          -1.02    5.48189e-09
            135          -1.02          -1.02    5.14906e-09
            136          -1.02          -1.02    5.12995e-09
            137          -1.02          -1.02    5.11106e-09
            138          -1.02          -1.02    4.76347e-09
            139          -1.02          -1.02    4.74618e-09
            140          -1.02          -1.02    4.72908e-09
            141          -1.02          -1.02    4.36261e-09
            142          -1.02          -1.02    4.34712e-09
            143          -1.02          -1.02    4.33178e-09
            144          -1.02          -1.02    3.94051e-09
            145          -1.02          -1.02    4.11846e-09
            146          -1.02          -1.02    4.10424e-09
            147          -1.02          -1.02    3.69969e-09
            148          -1.02          -1.02    3.68708e-09
            149          -1.02          -1.02     3.6746e-09
            150          -1.02          -1.02    3.66225e-09
            151          -1.02          -1.02    3.21902e-09
            152          -1.02          -1.02    3.20834e-09
            153          -1.02          -1.02    3.19777e-09
            154          -1.02          -1.02    2.69376e-09
            155          -1.02          -1.02      2.685e-09
            156          -1.02          -1.02    2.67633e-09
            157          -1.02          -1.02    2.66774e-09
            158          -1.02          -1.02    2.05983e-09
            159          -1.02          -1.02    2.37095e-09
            160          -1.02          -1.02    2.36348e-09
            161          -1.02          -1.02    2.35608e-09
            162          -1.02          -1.02    1.66082e-09
            163          -1.02          -1.02    1.65568e-09
            164          -1.02          -1.02     1.6506e-09
            165          -1.02          -1.02    1.64556e-09
            166          -1.02          -1.02              0
            167          -1.02          -1.02              0
            168          -1.02          -1.02              0
            169          -1.02          -1.02              0
            170          -1.02          -1.02           -nan
            171          -1.02          -1.02           -nan
            172          -1.02          -1.02           -nan
            173          -1.02          -1.02           -nan
            174          -1.02          -1.02           -nan
            175          -1.02          -1.02           -nan
            176          -1.02          -1.02           -nan
            177          -1.02          -1.02           -nan
            178          -1.02          -1.02           -nan
            179          -1.02          -1.02           -nan
            180          -1.02          -1.02           -nan
            181          -1.02          -1.02           -nan
            182          -1.02          -1.02           -nan
            183          -1.02          -1.02           -nan
            184          -1.02          -1.02           -nan
            185          -1.02          -1.02           -nan
            186          -1.02          -1.02           -nan
            187          -1.02          -1.02           -nan
            188          -1.02          -1.02           -nan
            189          -1.02          -1.02           -nan
            190          -1.02          -1.02           -nan
            191          -1.02          -1.02           -nan
            192          -1.02          -1.02           -nan
            193          -1.02          -1.02           -nan
            194          -1.02          -1.02           -nan
            195          -1.02          -1.02           -nan
            196          -1.02          -1.02           -nan
            197          -1.02          -1.02           -nan
            198          -1.02          -1.02           -nan
            199          -1.02          -1.02           -nan
            200          -1.02          -1.02           -nan
